Date,Quarter,Close,PE
2005-01-03,2005-Q1,26.05,36.18055555555556
2005-01-04,2005-Q1,28.35,39.375
2005-01-05,2005-Q1,26.25,36.458333333333336
2005-01-06,2005-Q1,25.749999999999996,35.76388888888889
2005-01-07,2005-Q1,26.0,36.11111111111112
2005-01-10,2005-Q1,26.2,36.388888888888886
2005-01-11,2005-Q1,25.2,35.0
2005-01-12,2005-Q1,23.4,32.5
2005-01-13,2005-Q1,24.3,33.75
2005-01-14,2005-Q1,23.850000000000005,33.125
2005-01-17,2005-Q1,23.05,32.01388888888889
2005-01-18,2005-Q1,23.1,32.083333333333336
2005-01-19,2005-Q1,23.35,32.43055555555556
2005-01-20,2005-Q1,23.05,32.01388888888889
2005-01-21,2005-Q1,23.05,32.01388888888889
2005-01-24,2005-Q1,22.100000000000005,30.694444444444446
2005-01-25,2005-Q1,22.400000000000002,31.11111111111111
2005-01-26,2005-Q1,22.400000000000002,31.11111111111111
2005-01-27,2005-Q1,23.050000000000004,32.01388888888889
2005-01-28,2005-Q1,23.400000000000002,32.5
2005-01-31,2005-Q1,23.250000000000004,32.29166666666667
2005-02-01,2005-Q1,23.050000000000004,32.01388888888889
2005-02-02,2005-Q1,23.45,32.56944444444444
2005-02-03,2005-Q1,23.5,32.63888888888889
2005-02-04,2005-Q1,23.65,32.84722222222222
2005-02-07,2005-Q1,23.3,32.361111111111114
2005-02-08,2005-Q1,24.45,33.958333333333336
2005-02-09,2005-Q1,24.45,33.958333333333336
2005-02-10,2005-Q1,24.45,33.958333333333336
2005-02-11,2005-Q1,24.35,33.81944444444445
2005-02-14,2005-Q1,24.750000000000004,34.375
2005-02-15,2005-Q1,24.750000000000004,34.375
2005-02-16,2005-Q1,23.950000000000003,33.263888888888886
2005-02-17,2005-Q1,23.600000000000005,32.77777777777778
2005-02-18,2005-Q1,23.050000000000004,32.01388888888889
2005-02-21,2005-Q1,22.850000000000005,31.736111111111114
2005-02-22,2005-Q1,22.800000000000004,31.666666666666668
2005-02-23,2005-Q1,22.35,31.04166666666667
2005-02-24,2005-Q1,22.100000000000005,30.694444444444446
2005-02-25,2005-Q1,21.45,29.791666666666668
2005-02-28,2005-Q1,21.900000000000002,30.416666666666664
2005-03-01,2005-Q1,21.700000000000003,
2005-03-02,2005-Q1,24.950000000000003,
2005-03-03,2005-Q1,25.05,
2005-03-04,2005-Q1,24.7,
2005-03-07,2005-Q1,27.600000000000005,
2005-03-08,2005-Q1,27.600000000000005,
2005-03-09,2005-Q1,26.25,
2005-03-10,2005-Q1,26.700000000000003,
2005-03-11,2005-Q1,27.600000000000005,
2005-03-14,2005-Q1,27.100000000000005,
2005-03-15,2005-Q1,27.250000000000004,
2005-03-16,2005-Q1,27.650000000000006,
2005-03-17,2005-Q1,27.85000000000001,
2005-03-18,2005-Q1,26.80000000000001,
2005-03-21,2005-Q1,26.80000000000001,
2005-03-22,2005-Q1,24.800000000000008,
2005-03-23,2005-Q1,23.95000000000001,
2005-03-24,2005-Q1,23.35000000000001,
2005-03-25,2005-Q1,23.35000000000001,
2005-03-28,2005-Q1,23.300000000000008,
2005-03-29,2005-Q1,23.850000000000005,
2005-03-30,2005-Q1,23.750000000000004,
2005-03-31,2005-Q1,23.800000000000004,
2005-04-01,2005-Q2,25.300000000000004,
2005-04-04,2005-Q2,27.200000000000003,
2005-04-05,2005-Q2,26.150000000000002,
2005-04-06,2005-Q2,26.200000000000006,
2005-04-07,2005-Q2,27.450000000000006,
2005-04-08,2005-Q2,27.150000000000002,
2005-04-11,2005-Q2,26.250000000000007,
2005-04-12,2005-Q2,26.60000000000001,
2005-04-13,2005-Q2,26.500000000000007,
2005-04-14,2005-Q2,26.500000000000007,
2005-04-15,2005-Q2,25.450000000000006,
2005-04-18,2005-Q2,24.550000000000008,
2005-04-19,2005-Q2,24.10000000000001,
2005-04-20,2005-Q2,24.05000000000001,
2005-04-21,2005-Q2,24.600000000000012,
2005-04-22,2005-Q2,24.80000000000001,
2005-04-25,2005-Q2,24.950000000000014,
2005-04-26,2005-Q2,24.950000000000014,
2005-04-27,2005-Q2,24.600000000000016,
2005-04-28,2005-Q2,24.150000000000013,
2005-04-29,2005-Q2,23.900000000000013,
2005-05-02,2005-Q2,22.45000000000001,
2005-05-03,2005-Q2,22.850000000000012,
2005-05-04,2005-Q2,22.750000000000014,
2005-05-05,2005-Q2,22.700000000000014,
2005-05-06,2005-Q2,22.800000000000015,
2005-05-09,2005-Q2,23.20000000000001,
2005-05-10,2005-Q2,22.850000000000012,
2005-05-11,2005-Q2,22.950000000000014,
2005-05-12,2005-Q2,23.250000000000014,
2005-05-13,2005-Q2,24.150000000000013,
2005-05-16,2005-Q2,24.250000000000014,
2005-05-17,2005-Q2,23.800000000000015,
2005-05-18,2005-Q2,23.400000000000013,
2005-05-19,2005-Q2,23.900000000000013,
2005-05-20,2005-Q2,23.900000000000013,
2005-05-23,2005-Q2,25.400000000000013,
2005-05-24,2005-Q2,27.400000000000016,
2005-05-25,2005-Q2,26.500000000000018,
2005-05-26,2005-Q2,26.200000000000017,
2005-05-27,2005-Q2,24.85000000000002,
2005-05-30,2005-Q2,24.150000000000016,
2005-05-31,2005-Q2,26.75000000000002,
2005-06-01,2005-Q2,29.65000000000002,
2005-06-02,2005-Q2,29.50000000000002,
2005-06-03,2005-Q2,29.350000000000023,
2005-06-04,2005-Q2,29.95000000000002,
2005-06-06,2005-Q2,28.300000000000022,
2005-06-07,2005-Q2,29.90000000000002,
2005-06-08,2005-Q2,28.950000000000024,
2005-06-09,2005-Q2,28.65000000000002,
2005-06-10,2005-Q2,28.65000000000002,
2005-06-13,2005-Q2,28.65000000000002,
2005-06-14,2005-Q2,28.25000000000002,
2005-06-15,2005-Q2,28.600000000000026,
2005-06-16,2005-Q2,27.60000000000002,197.1428571428572
2005-06-17,2005-Q2,26.400000000000016,188.57142857142856
2005-06-20,2005-Q2,25.80000000000002,184.28571428571428
2005-06-21,2005-Q2,25.80000000000002,184.28571428571428
2005-06-22,2005-Q2,25.200000000000017,179.99999999999997
2005-06-23,2005-Q2,25.250000000000018,180.35714285714283
2005-06-24,2005-Q2,25.600000000000016,182.8571428571429
2005-06-27,2005-Q2,25.000000000000018,178.57142857142856
2005-06-28,2005-Q2,24.150000000000016,172.49999999999997
2005-06-29,2005-Q2,24.500000000000018,174.99999999999997
2005-06-30,2005-Q2,27.750000000000018,198.2142857142857
2005-07-01,2005-Q3,27.450000000000017,196.07142857142856
2005-07-04,2005-Q3,26.650000000000013,190.35714285714283
2005-07-05,2005-Q3,26.600000000000016,190.0
2005-07-06,2005-Q3,26.900000000000013,192.1428571428571
2005-07-07,2005-Q3,26.25000000000001,187.5
2005-07-08,2005-Q3,26.350000000000016,188.2142857142857
2005-07-11,2005-Q3,26.750000000000014,191.07142857142856
2005-07-12,2005-Q3,26.100000000000012,186.42857142857144
2005-07-13,2005-Q3,26.15000000000001,186.78571428571425
2005-07-14,2005-Q3,25.850000000000012,184.6428571428572
2005-07-15,2005-Q3,26.750000000000007,191.07142857142856
2005-07-18,2005-Q3,26.80000000000001,191.42857142857144
2005-07-19,2005-Q3,27.650000000000006,197.5
2005-07-20,2005-Q3,28.35000000000001,
2005-07-21,2005-Q3,27.950000000000003,199.6428571428571
2005-07-22,2005-Q3,27.5,196.42857142857144
2005-07-25,2005-Q3,28.400000000000002,
2005-07-26,2005-Q3,27.200000000000003,194.28571428571425
2005-07-27,2005-Q3,27.150000000000002,193.9285714285714
2005-07-28,2005-Q3,27.150000000000002,193.9285714285714
2005-07-29,2005-Q3,26.050000000000008,186.07142857142856
2005-08-01,2005-Q3,25.900000000000006,185.0
2005-08-02,2005-Q3,26.200000000000006,187.1428571428571
2005-08-03,2005-Q3,25.750000000000004,183.92857142857144
2005-08-04,2005-Q3,25.700000000000006,183.57142857142856
2005-08-05,2005-Q3,25.800000000000004,184.28571428571428
2005-08-08,2005-Q3,25.600000000000005,182.8571428571429
2005-08-09,2005-Q3,25.550000000000004,182.5
2005-08-10,2005-Q3,25.750000000000004,183.92857142857144
2005-08-11,2005-Q3,25.850000000000005,184.6428571428572
2005-08-12,2005-Q3,25.850000000000005,184.6428571428572
2005-08-15,2005-Q3,25.850000000000005,184.6428571428572
2005-08-16,2005-Q3,26.700000000000003,190.7142857142857
2005-08-17,2005-Q3,27.400000000000002,195.7142857142857
2005-08-18,2005-Q3,27.150000000000002,193.9285714285714
2005-08-19,2005-Q3,26.600000000000005,190.0
2005-08-22,2005-Q3,27.150000000000002,193.9285714285714
2005-08-23,2005-Q3,26.250000000000007,187.5
2005-08-24,2005-Q3,25.500000000000007,182.1428571428572
2005-08-25,2005-Q3,26.65,190.35714285714283
2005-08-26,2005-Q3,31.98,
2005-08-29,2005-Q3,33.97875,
2005-08-30,2005-Q3,32.379749999999994,
2005-08-31,2005-Q3,33.27918749999999,
2005-09-01,2005-Q3,34.32853125,
2005-09-02,2005-Q3,33.17925,
2005-09-05,2005-Q3,32.42971875,
2005-09-06,2005-Q3,31.03059375,
2005-09-07,2005-Q3,31.03059375,
2005-09-08,2005-Q3,32.62959375,
2005-09-09,2005-Q3,32.82946875,
2005-09-12,2005-Q3,33.878812499999995,
2005-09-13,2005-Q3,33.878812499999995,
2005-09-14,2005-Q3,33.229218749999994,
2005-09-15,2005-Q3,32.92940625,
2005-09-16,2005-Q3,32.979375,
2005-09-19,2005-Q3,32.32978125,
2005-09-20,2005-Q3,30.680812500000005,
2005-09-21,2005-Q3,29.831343750000006,
2005-09-22,2005-Q3,28.382250000000003,
2005-09-23,2005-Q3,26.983125000000005,
2005-09-26,2005-Q3,28.332281250000005,
2005-09-27,2005-Q3,28.332281250000005,
2005-09-28,2005-Q3,27.332906250000008,
2005-09-29,2005-Q3,25.983750000000004,
2005-09-30,2005-Q3,24.684562500000002,
2005-10-03,2005-Q4,25.883812500000005,
2005-10-04,2005-Q4,25.73390625,
2005-10-05,2005-Q4,25.03434375,
2005-10-06,2005-Q4,24.4846875,
2005-10-07,2005-Q4,24.38475,
2005-10-10,2005-Q4,24.38475,
2005-10-11,2005-Q4,24.784499999999998,
2005-10-12,2005-Q4,24.784499999999998,
2005-10-13,2005-Q4,24.73453125,
2005-10-14,2005-Q4,23.935031249999998,
2005-10-17,2005-Q4,22.83571875,
2005-10-18,2005-Q4,23.0855625,
2005-10-19,2005-Q4,22.236093750000002,
2005-10-20,2005-Q4,21.136781250000002,
2005-10-21,2005-Q4,20.087437500000004,
2005-10-24,2005-Q4,20.287312500000002,
2005-10-25,2005-Q4,20.537156250000006,
2005-10-26,2005-Q4,21.586500000000004,
2005-10-27,2005-Q4,21.486562500000005,
2005-10-28,2005-Q4,20.487187500000005,
2005-10-31,2005-Q4,20.836968750000004,
2005-11-01,2005-Q4,20.337281250000004,
2005-11-02,2005-Q4,20.38725,
2005-11-03,2005-Q4,20.38725,
2005-11-04,2005-Q4,20.38725,
2005-11-07,2005-Q4,21.386625000000002,
2005-11-08,2005-Q4,22.186125,
2005-11-09,2005-Q4,21.33665625,
2005-11-10,2005-Q4,20.8869375,
2005-11-11,2005-Q4,21.236718749999998,
2005-11-14,2005-Q4,21.186749999999996,
2005-11-15,2005-Q4,21.186749999999996,
2005-11-16,2005-Q4,21.33665625,
2005-11-17,2005-Q4,22.435968749999997,
2005-11-18,2005-Q4,22.435968749999997,
2005-11-21,2005-Q4,22.13615625,
2005-11-22,2005-Q4,22.386,
2005-11-23,2005-Q4,22.585875,
2005-11-24,2005-Q4,22.585875,
2005-11-25,2005-Q4,22.585875,
2005-11-26,2005-Q4,21.986250000000002,
2005-11-28,2005-Q4,21.63646875,
2005-11-29,2005-Q4,21.13678125,
2005-11-30,2005-Q4,20.93690625,
2005-12-01,2005-Q4,20.83696875,57.91666666666667
2005-12-02,2005-Q4,20.886937499999995,58.05555555555556
2005-12-05,2005-Q4,21.086812499999997,58.61111111111112
2005-12-06,2005-Q4,20.437218749999992,56.80555555555556
2005-12-07,2005-Q4,21.086812499999997,58.61111111111112
2005-12-08,2005-Q4,20.587124999999997,57.22222222222223
2005-12-09,2005-Q4,20.537156249999995,57.083333333333336
2005-12-12,2005-Q4,20.337281249999997,56.527777777777786
2005-12-13,2005-Q4,20.487187499999997,56.94444444444445
2005-12-14,2005-Q4,19.687687499999996,54.72222222222222
2005-12-15,2005-Q4,19.33790625,53.75000000000001
2005-12-16,2005-Q4,19.637718749999998,54.58333333333333
2005-12-19,2005-Q4,19.687687499999996,54.72222222222222
2005-12-20,2005-Q4,19.687687499999996,54.72222222222222
2005-12-21,2005-Q4,19.33790625,53.75000000000001
2005-12-22,2005-Q4,19.187999999999995,53.333333333333336
2005-12-23,2005-Q4,18.938156249999995,52.638888888888886
2005-12-26,2005-Q4,18.138656249999997,50.41666666666666
2005-12-27,2005-Q4,18.038718749999997,50.13888888888889
2005-12-28,2005-Q4,18.93815625,52.638888888888886
2005-12-29,2005-Q4,19.887562499999994,55.27777777777778
2005-12-30,2005-Q4,20.886937499999995,58.05555555555556
2006-01-02,2006-Q1,21.936281249999997,60.97222222222222
2006-01-03,2006-Q1,23.03559375,64.02777777777779
2006-01-04,2006-Q1,22.585875,62.777777777777786
2006-01-05,2006-Q1,21.486562499999998,59.72222222222222
2006-01-06,2006-Q1,20.986874999999998,58.333333333333336
2006-01-09,2006-Q1,22.03621875,61.25000000000001
2006-01-10,2006-Q1,21.236718749999998,59.02777777777778
2006-01-11,2006-Q1,21.236718749999998,59.02777777777778
2006-01-12,2006-Q1,20.986874999999998,58.333333333333336
2006-01-13,2006-Q1,21.03684375,58.47222222222223
2006-01-16,2006-Q1,20.986874999999998,58.333333333333336
2006-01-17,2006-Q1,20.73703125,57.63888888888889
2006-01-18,2006-Q1,20.037468750000002,55.69444444444445
2006-01-19,2006-Q1,20.986875,58.333333333333336
2006-01-20,2006-Q1,21.036843750000003,58.47222222222223
2006-01-23,2006-Q1,20.8869375,58.05555555555556
2006-01-24,2006-Q1,20.187375,56.11111111111112
2006-01-25,2006-Q1,20.23734375,56.25
2006-01-26,2006-Q1,20.23734375,56.25
2006-01-27,2006-Q1,19.23796875,53.47222222222222
2006-01-30,2006-Q1,19.188,53.333333333333336
2006-01-31,2006-Q1,20.187374999999996,56.11111111111112
2006-02-01,2006-Q1,21.236718749999998,59.02777777777778
2006-02-02,2006-Q1,20.737031249999998,57.63888888888889
2006-02-03,2006-Q1,20.2873125,56.38888888888889
2006-02-06,2006-Q1,20.437218749999996,56.80555555555556
2006-02-07,2006-Q1,19.787625,55.00000000000001
2006-02-08,2006-Q1,20.737031249999998,57.63888888888889
2006-02-09,2006-Q1,20.737031249999998,57.63888888888889
2006-02-10,2006-Q1,20.0874375,55.83333333333334
2006-02-13,2006-Q1,20.63709375,57.36111111111111
2006-02-14,2006-Q1,19.937531249999996,55.41666666666666
2006-02-15,2006-Q1,19.587749999999996,54.44444444444445
2006-02-16,2006-Q1,19.487812499999997,54.16666666666667
2006-02-17,2006-Q1,18.988124999999997,52.77777777777778
2006-02-20,2006-Q1,18.438468749999995,51.25
2006-02-21,2006-Q1,19.038093749999998,52.91666666666667
2006-02-22,2006-Q1,18.538406249999998,51.52777777777778
2006-02-23,2006-Q1,18.638343749999997,51.80555555555555
2006-02-24,2006-Q1,17.98875,50.0
2006-02-27,2006-Q1,18.288562499999998,50.833333333333336
2006-02-28,2006-Q1,18.188624999999995,50.55555555555556
2006-03-01,2006-Q1,18.488437499999993,38.54166666666667
2006-03-02,2006-Q1,17.58899999999999,36.66666666666667
2006-03-03,2006-Q1,17.28918749999999,36.04166666666667
2006-03-06,2006-Q1,17.439093749999987,36.35416666666666
2006-03-07,2006-Q1,17.58899999999999,36.66666666666667
2006-03-08,2006-Q1,17.78887499999999,37.083333333333336
2006-03-09,2006-Q1,17.18924999999999,35.833333333333336
2006-03-10,2006-Q1,18.08868749999999,37.708333333333336
2006-03-13,2006-Q1,17.688937499999987,36.875
2006-03-14,2006-Q1,18.58837499999999,38.75000000000001
2006-03-15,2006-Q1,18.58837499999999,38.75000000000001
2006-03-16,2006-Q1,17.788874999999987,37.083333333333336
2006-03-17,2006-Q1,17.089312499999988,35.62500000000001
2006-03-20,2006-Q1,17.089312499999988,35.62500000000001
2006-03-21,2006-Q1,17.139281249999986,35.729166666666664
2006-03-22,2006-Q1,16.839468749999988,35.10416666666667
2006-03-23,2006-Q1,16.139906249999985,33.64583333333333
2006-03-24,2006-Q1,16.239843749999984,33.85416666666667
2006-03-27,2006-Q1,17.039343749999983,35.520833333333336
2006-03-28,2006-Q1,16.889437499999982,35.20833333333333
2006-03-29,2006-Q1,16.439718749999987,34.270833333333336
2006-03-30,2006-Q1,16.789499999999986,35.0
2006-03-31,2006-Q1,17.53903124999999,36.5625
2006-04-03,2006-Q2,17.838843749999988,37.18750000000001
2006-04-04,2006-Q2,18.08868749999999,37.708333333333336
2006-04-05,2006-Q2,18.638343749999983,38.85416666666666
2006-04-06,2006-Q2,18.638343749999983,38.85416666666666
2006-04-07,2006-Q2,18.68831249999998,38.958333333333336
2006-04-10,2006-Q2,19.637718749999983,40.9375
2006-04-11,2006-Q2,19.637718749999983,40.9375
2006-04-12,2006-Q2,20.637093749999984,43.02083333333333
2006-04-13,2006-Q2,20.237343749999983,42.1875
2006-04-14,2006-Q2,20.237343749999983,42.1875
2006-04-17,2006-Q2,19.987499999999983,41.66666666666667
2006-04-18,2006-Q2,19.987499999999983,41.66666666666667
2006-04-19,2006-Q2,20.48718749999998,42.708333333333336
2006-04-20,2006-Q2,19.937531249999978,41.5625
2006-04-21,2006-Q2,19.78762499999998,41.25
2006-04-24,2006-Q2,19.687687499999978,41.04166666666666
2006-04-25,2006-Q2,19.387874999999976,40.41666666666666
2006-04-26,2006-Q2,19.637718749999976,40.9375
2006-04-27,2006-Q2,19.537781249999977,40.72916666666667
2006-04-28,2006-Q2,19.28793749999998,40.208333333333336
2006-04-29,2006-Q2,20.237343749999976,42.1875
2006-05-01,2006-Q2,20.237343749999976,42.1875
2006-05-02,2006-Q2,21.286687499999974,44.375
2006-05-03,2006-Q2,22.38599999999997,46.66666666666666
2006-05-04,2006-Q2,22.036218749999975,45.9375
2006-05-05,2006-Q2,23.13553124999997,48.22916666666666
2006-05-08,2006-Q2,24.334781249999974,50.72916666666667
2006-05-09,2006-Q2,25.58399999999997,53.333333333333336
2006-05-10,2006-Q2,25.93378124999997,54.0625
2006-05-11,2006-Q2,24.93440624999997,51.97916666666666
2006-05-12,2006-Q2,24.184874999999973,50.41666666666666
2006-05-15,2006-Q2,23.635218749999975,49.270833333333336
2006-05-16,2006-Q2,22.685812499999976,47.29166666666666
2006-05-17,2006-Q2,23.585249999999974,49.16666666666667
2006-05-18,2006-Q2,22.435968749999972,46.770833333333336
2006-05-19,2006-Q2,21.33665624999998,44.47916666666667
2006-05-22,2006-Q2,20.287312499999977,42.29166666666667
2006-05-23,2006-Q2,19.387874999999976,40.41666666666666
2006-05-24,2006-Q2,18.93815624999998,39.47916666666666
2006-05-25,2006-Q2,18.088687499999985,37.708333333333336
2006-05-26,2006-Q2,19.03809374999998,39.6875
2006-05-29,2006-Q2,18.88818749999998,39.375
2006-05-30,2006-Q2,18.68831249999998,38.958333333333336
2006-05-31,2006-Q2,17.988749999999982,37.5
2006-06-01,2006-Q2,18.88818749999998,21.235955056179773
2006-06-02,2006-Q2,19.08806249999998,21.460674157303373
2006-06-05,2006-Q2,18.88818749999998,21.235955056179773
2006-06-06,2006-Q2,19.837593749999982,22.30337078651685
2006-06-07,2006-Q2,19.237968749999983,21.629213483146067
2006-06-08,2006-Q2,18.88818749999998,21.235955056179773
2006-06-09,2006-Q2,19.837593749999982,22.30337078651685
2006-06-12,2006-Q2,20.187374999999978,22.696629213483146
2006-06-13,2006-Q2,19.837593749999982,22.30337078651685
2006-06-14,2006-Q2,20.087437499999982,22.58426966292135
2006-06-15,2006-Q2,20.23734374999998,22.752808988764045
2006-06-16,2006-Q2,20.387249999999977,22.92134831460674
2006-06-19,2006-Q2,20.33728124999998,22.865168539325843
2006-06-20,2006-Q2,20.537156249999978,23.08988764044944
2006-06-21,2006-Q2,20.387249999999977,22.92134831460674
2006-06-22,2006-Q2,20.387249999999977,22.92134831460674
2006-06-23,2006-Q2,20.33728124999998,22.865168539325843
2006-06-25,2006-Q2,20.43721874999998,22.97752808988764
2006-06-26,2006-Q2,20.23734374999998,22.752808988764045
2006-06-27,2006-Q2,20.48718749999998,23.033707865168537
2006-06-28,2006-Q2,20.48718749999998,23.033707865168537
2006-06-29,2006-Q2,20.48718749999998,23.033707865168537
2006-06-30,2006-Q2,20.587124999999983,23.14606741573034
2006-07-03,2006-Q3,20.48718749999998,23.033707865168537
2006-07-04,2006-Q3,20.93690624999998,23.539325842696627
2006-07-05,2006-Q3,21.53653124999998,24.21348314606741
2006-07-06,2006-Q3,21.38662499999998,24.04494382022472
2006-07-07,2006-Q3,20.836968749999983,23.426966292134832
2006-07-10,2006-Q3,22.186124999999976,24.9438202247191
2006-07-11,2006-Q3,21.636468749999977,24.325842696629213
2006-07-12,2006-Q3,21.636468749999977,24.325842696629213
2006-07-13,2006-Q3,21.83634374999998,24.55056179775281
2006-07-14,2006-Q3,21.286687499999978,23.93258426966292
2006-07-17,2006-Q3,21.236718749999977,23.876404494382022
2006-07-18,2006-Q3,20.737031249999976,23.31460674157304
2006-07-19,2006-Q3,20.487187499999976,23.033707865168537
2006-07-20,2006-Q3,20.737031249999973,23.31460674157304
2006-07-21,2006-Q3,20.587124999999975,23.14606741573034
2006-07-24,2006-Q3,20.637093749999973,23.202247191011235
2006-07-25,2006-Q3,20.836968749999976,23.426966292134832
2006-07-26,2006-Q3,21.28668749999997,23.93258426966292
2006-07-27,2006-Q3,20.886937499999974,23.483146067415728
2006-07-28,2006-Q3,20.737031249999973,23.31460674157304
2006-07-31,2006-Q3,20.786999999999974,23.370786516853933
2006-08-01,2006-Q3,20.886937499999974,23.483146067415728
2006-08-02,2006-Q3,20.98687499999998,23.59550561797753
2006-08-03,2006-Q3,21.08681249999998,23.70786516853933
2006-08-04,2006-Q3,20.737031249999976,23.31460674157304
2006-08-07,2006-Q3,20.786999999999978,23.370786516853933
2006-08-08,2006-Q3,20.986874999999976,23.59550561797753
2006-08-09,2006-Q3,20.737031249999976,23.31460674157304
2006-08-10,2006-Q3,20.786999999999978,23.370786516853933
2006-08-11,2006-Q3,22.086187499999976,24.831460674157302
2006-08-14,2006-Q3,22.286062499999975,25.0561797752809
2006-08-15,2006-Q3,22.286062499999975,25.0561797752809
2006-08-16,2006-Q3,22.286062499999975,25.0561797752809
2006-08-17,2006-Q3,21.686437499999975,24.382022471910112
2006-08-18,2006-Q3,21.536531249999975,24.21348314606741
2006-08-21,2006-Q3,21.536531249999975,24.21348314606741
2006-08-22,2006-Q3,21.586499999999976,24.26966292134832
2006-08-23,2006-Q3,21.486562499999977,24.157303370786515
2006-08-24,2006-Q3,21.436593749999975,24.101123595505616
2006-08-25,2006-Q3,21.486562499999977,24.157303370786515
2006-08-28,2006-Q3,21.586499999999976,24.26966292134832
2006-08-29,2006-Q3,21.386624999999974,24.04494382022472
2006-08-30,2006-Q3,21.486562499999973,24.157303370786515
2006-08-31,2006-Q3,21.486562499999973,24.157303370786515
2006-09-01,2006-Q3,21.286687499999974,24.48275862068965
2006-09-04,2006-Q3,21.386624999999974,24.597701149425287
2006-09-05,2006-Q3,21.436593749999975,24.655172413793103
2006-09-06,2006-Q3,21.436593749999975,24.655172413793103
2006-09-07,2006-Q3,21.08681249999998,24.2528735632184
2006-09-08,2006-Q3,21.286687499999978,24.48275862068965
2006-09-11,2006-Q3,21.08681249999998,24.2528735632184
2006-09-12,2006-Q3,21.18674999999998,24.367816091954023
2006-09-13,2006-Q3,20.886937499999974,24.02298850574713
2006-09-14,2006-Q3,20.83696874999998,23.96551724137932
2006-09-15,2006-Q3,20.786999999999978,23.908045977011493
2006-09-18,2006-Q3,20.537156249999978,23.620689655172416
2006-09-19,2006-Q3,20.737031249999976,23.85057471264368
2006-09-20,2006-Q3,20.537156249999978,23.620689655172416
2006-09-21,2006-Q3,20.48718749999998,23.5632183908046
2006-09-22,2006-Q3,20.48718749999998,23.5632183908046
2006-09-25,2006-Q3,21.036843749999978,24.19540229885057
2006-09-26,2006-Q3,20.93690624999998,24.080459770114945
2006-09-27,2006-Q3,20.68706249999998,23.79310344827586
2006-09-28,2006-Q3,20.48718749999998,23.5632183908046
2006-09-29,2006-Q3,20.68706249999998,23.79310344827586
2006-10-02,2006-Q4,20.68706249999998,23.79310344827586
2006-10-03,2006-Q4,20.53715624999998,23.620689655172416
2006-10-04,2006-Q4,20.587124999999986,23.678160919540232
2006-10-05,2006-Q4,20.836968749999986,23.96551724137932
2006-10-06,2006-Q4,20.836968749999986,23.96551724137932
2006-10-09,2006-Q4,20.53715624999999,23.620689655172416
2006-10-10,2006-Q4,20.78699999999999,23.908045977011493
2006-10-11,2006-Q4,20.487187499999987,23.5632183908046
2006-10-12,2006-Q4,20.53715624999999,23.620689655172416
2006-10-13,2006-Q4,20.53715624999999,23.620689655172416
2006-10-16,2006-Q4,20.53715624999999,23.620689655172416
2006-10-17,2006-Q4,20.53715624999999,23.620689655172416
2006-10-18,2006-Q4,20.487187499999987,23.5632183908046
2006-10-19,2006-Q4,20.68706249999999,23.79310344827586
2006-10-20,2006-Q4,20.48718749999999,23.5632183908046
2006-10-21,2006-Q4,20.687062499999993,23.79310344827586
2006-10-23,2006-Q4,20.537156249999992,23.620689655172416
2006-10-24,2006-Q4,20.537156249999992,23.620689655172416
2006-10-25,2006-Q4,20.537156249999992,23.620689655172416
2006-10-26,2006-Q4,20.487187499999994,23.5632183908046
2006-10-27,2006-Q4,20.687062499999993,23.79310344827586
2006-10-30,2006-Q4,20.587124999999997,23.678160919540232
2006-10-31,2006-Q4,20.387249999999995,23.448275862068964
2006-11-01,2006-Q4,20.53715625,23.620689655172416
2006-11-02,2006-Q4,20.63709375,23.735632183908045
2006-11-03,2006-Q4,20.4871875,23.5632183908046
2006-11-06,2006-Q4,20.4871875,23.5632183908046
2006-11-07,2006-Q4,20.4871875,23.5632183908046
2006-11-08,2006-Q4,20.4871875,23.5632183908046
2006-11-09,2006-Q4,20.537156250000002,23.620689655172416
2006-11-10,2006-Q4,20.587125000000004,23.678160919540232
2006-11-13,2006-Q4,20.537156250000006,23.620689655172416
2006-11-14,2006-Q4,20.487187500000005,23.5632183908046
2006-11-15,2006-Q4,20.487187500000005,23.5632183908046
2006-11-16,2006-Q4,20.487187500000005,23.5632183908046
2006-11-17,2006-Q4,20.986875000000005,24.13793103448276
2006-11-20,2006-Q4,21.336656250000008,24.540229885057474
2006-11-21,2006-Q4,23.585250000000006,27.1264367816092
2006-11-22,2006-Q4,23.085562500000005,26.55172413793104
2006-11-23,2006-Q4,23.035593750000007,26.49425287356322
2006-11-24,2006-Q4,22.83571875000001,26.264367816091955
2006-11-27,2006-Q4,22.885687500000007,26.321839080459768
2006-11-28,2006-Q4,22.435968750000008,25.804597701149422
2006-11-29,2006-Q4,22.33603125000001,25.6896551724138
2006-11-30,2006-Q4,22.28606250000001,25.632183908045977
2006-12-01,2006-Q4,22.136156250000006,8.358490566037736
2006-12-04,2006-Q4,22.136156250000006,8.358490566037736
2006-12-05,2006-Q4,21.98625000000001,8.30188679245283
2006-12-06,2006-Q4,21.686437500000007,8.18867924528302
2006-12-07,2006-Q4,21.436593750000004,8.09433962264151
2006-12-08,2006-Q4,21.886312500000006,8.264150943396226
2006-12-11,2006-Q4,26.26357500000001,9.924528301886792
2006-12-12,2006-Q4,31.516290000000012,11.924528301886792
2006-12-13,2006-Q4,37.81954800000001,14.320754716981131
2006-12-14,2006-Q4,41.606485612648235,15.754716981132075
2006-12-15,2006-Q4,45.79204823715416,17.339622641509436
2006-12-18,2006-Q4,50.37623587351779,19.07547169811321
2006-12-19,2006-Q4,55.45870477470356,21.0
2006-12-20,2006-Q4,61.039454940711465,23.11320754716981
2006-12-21,2006-Q4,64.12879878260868,24.283018867924525
2006-12-22,2006-Q4,60.939798687747036,23.07547169811321
2006-12-25,2006-Q4,60.939798687747036,23.07547169811321
2006-12-26,2006-Q4,57.90028297233202,21.924528301886795
2006-12-27,2006-Q4,60.8401424347826,23.0377358490566
2006-12-28,2006-Q4,63.87965815019762,24.18867924528302
2006-12-29,2006-Q4,67.1184863715415,25.41509433962264
2007-01-01,2007-Q1,67.1184863715415,25.41509433962264
2007-01-02,2007-Q1,70.506798972332,26.69811320754717
2007-01-03,2007-Q1,74.04459595256914,28.0377358490566
2007-01-04,2007-Q1,77.78170543873514,29.452830188679247
2007-01-05,2007-Q1,81.66829930434781,30.924528301886795
2007-01-08,2007-Q1,85.75420567588931,32.471698113207545
2007-01-09,2007-Q1,90.03942455335968,34.094339622641506
2007-01-10,2007-Q1,94.5737840632411,35.81132075471699
2007-01-11,2007-Q1,89.84011204743084,34.01886792452831
2007-01-12,2007-Q1,89.14251827667985,33.75471698113208
2007-01-15,2007-Q1,87.4981901027668,33.13207547169812
2007-01-16,2007-Q1,85.6545494229249,32.43396226415094
2007-01-17,2007-Q1,84.06004937549406,31.83018867924528
2007-01-18,2007-Q1,79.87448675098815,30.245283018867926
2007-01-19,2007-Q1,83.91056499604743,31.77358490566038
2007-01-22,2007-Q1,84.9071275256917,32.15094339622642
2007-01-23,2007-Q1,85.45523691699604,32.35849056603774
2007-01-24,2007-Q1,85.45523691699604,32.35849056603774
2007-01-25,2007-Q1,84.75764314624506,32.094339622641506
2007-01-26,2007-Q1,84.75764314624506,32.094339622641506
2007-01-29,2007-Q1,88.9930338972332,33.698113207547166
2007-01-30,2007-Q1,88.9930338972332,33.698113207547166
2007-01-31,2007-Q1,84.60815876679843,32.03773584905661
2007-02-01,2007-Q1,88.84354951778656,33.64150943396227
2007-02-02,2007-Q1,93.32808090118577,35.33962264150944
2007-02-05,2007-Q1,91.13564333596838,34.509433962264154
2007-02-06,2007-Q1,95.71983097233202,36.24528301886792
2007-02-07,2007-Q1,100.50333111462452,38.0566037735849
2007-02-08,2007-Q1,105.53597188932808,39.9622641509434
2007-02-09,2007-Q1,100.25419048221345,37.9622641509434
2007-02-12,2007-Q1,90.23873705928854,34.16981132075472
2007-02-13,2007-Q1,89.09269015019764,33.735849056603776
2007-02-14,2007-Q1,86.45179944664032,32.735849056603776
2007-02-15,2007-Q1,94.12533092490119,35.64150943396227
2007-02-16,2007-Q1,94.12533092490119,35.64150943396227
2007-02-19,2007-Q1,89.14251827667987,33.75471698113208
2007-02-20,2007-Q1,86.65111195256918,32.81132075471698
2007-02-21,2007-Q1,83.81090874308302,31.73584905660377
2007-02-22,2007-Q1,79.6253461185771,30.150943396226417
2007-02-23,2007-Q1,71.95181464031623,27.245283018867926
2007-02-26,2007-Q1,70.55662709881426,26.71698113207547
2007-02-27,2007-Q1,67.06865824505931,25.39622641509434
2007-02-28,2007-Q1,63.78000189723323,24.150943396226417
2007-03-01,2007-Q1,66.96900199209489,43.35483870967742
2007-03-02,2007-Q1,70.15800208695656,45.41935483870968
2007-03-05,2007-Q1,66.81951761264826,43.25806451612903
2007-03-06,2007-Q1,66.76968948616604,43.2258064516129
2007-03-07,2007-Q1,64.57725192094865,41.80645161290322
2007-03-08,2007-Q1,66.71986135968383,43.193548387096776
2007-03-09,2007-Q1,66.6202051067194,43.12903225806451
2007-03-12,2007-Q1,67.71642388932811,43.83870967741935
2007-03-13,2007-Q1,71.10473649011863,46.03225806451612
2007-03-14,2007-Q1,68.51367391304353,44.354838709677416
2007-03-15,2007-Q1,71.95181464031627,46.58064516129032
2007-03-16,2007-Q1,69.95868958102774,45.29032258064516
2007-03-19,2007-Q1,73.49648656126489,47.58064516129032
2007-03-20,2007-Q1,73.69579906719375,47.70967741935484
2007-03-21,2007-Q1,70.55662709881429,45.67741935483871
2007-03-22,2007-Q1,68.76281454545462,44.516129032258064
2007-03-23,2007-Q1,67.76625201581035,43.87096774193548
2007-03-26,2007-Q1,64.47759566798426,41.74193548387097
2007-03-27,2007-Q1,64.47759566798426,41.74193548387097
2007-03-28,2007-Q1,62.83326749407121,40.67741935483871
2007-03-29,2007-Q1,65.97243946245067,42.70967741935484
2007-03-30,2007-Q1,66.27140822134393,42.90322580645161
2007-04-02,2007-Q2,63.53086126482219,41.12903225806451
2007-04-03,2007-Q2,62.783439367589004,40.64516129032258
2007-04-04,2007-Q2,65.92261133596845,42.67741935483871
2007-04-05,2007-Q2,63.73017377075106,41.25806451612903
2007-04-06,2007-Q2,63.73017377075106,41.25806451612903
2007-04-09,2007-Q2,65.62364257707517,42.48387096774193
2007-04-10,2007-Q2,65.47415819762854,42.38709677419355
2007-04-11,2007-Q2,65.07553318577082,42.12903225806451
2007-04-12,2007-Q2,62.683783114624575,40.58064516129032
2007-04-13,2007-Q2,63.58068939130442,41.16129032258064
2007-04-16,2007-Q2,69.95868958102776,45.29032258064516
2007-04-17,2007-Q2,72.99820529644276,47.25806451612903
2007-04-18,2007-Q2,74.74218972332024,48.38709677419354
2007-04-19,2007-Q2,73.14768967588941,47.35483870967742
2007-04-20,2007-Q2,74.2439084584981,48.064516129032256
2007-04-23,2007-Q2,70.00851770750995,45.32258064516129
2007-04-24,2007-Q2,69.56006456917004,45.03225806451613
2007-04-25,2007-Q2,68.56350203952577,44.38709677419354
2007-04-26,2007-Q2,67.5171113833993,43.70967741935484
2007-04-27,2007-Q2,65.07553318577082,42.12903225806451
2007-04-30,2007-Q2,65.3745019446641,42.32258064516129
2007-05-01,2007-Q2,65.3745019446641,42.32258064516129
2007-05-02,2007-Q2,65.3745019446641,42.32258064516129
2007-05-03,2007-Q2,71.9518146403163,46.58064516129032
2007-05-04,2007-Q2,79.17689298023727,51.25806451612903
2007-05-07,2007-Q2,77.28342417391315,50.03225806451613
2007-05-08,2007-Q2,74.34356471146253,48.12903225806451
2007-05-09,2007-Q2,79.3762054861661,51.38709677419355
2007-05-10,2007-Q2,79.57551799209494,51.51612903225806
2007-05-11,2007-Q2,79.12706485375503,51.2258064516129
2007-05-14,2007-Q2,83.11331497233212,53.80645161290323
2007-05-15,2007-Q2,80.82122115415028,52.32258064516129
2007-05-16,2007-Q2,78.57895546245068,50.87096774193548
2007-05-17,2007-Q2,77.78170543873527,50.354838709677416
2007-05-18,2007-Q2,81.66829930434793,52.87096774193549
2007-05-21,2007-Q2,80.0737992569171,51.83870967741935
2007-05-22,2007-Q2,84.1098775019764,54.45161290322581
2007-05-23,2007-Q2,80.62190864822146,52.193548387096776
2007-05-24,2007-Q2,81.02053366007915,52.4516129032258
2007-05-25,2007-Q2,81.91743993675901,53.03225806451613
2007-05-28,2007-Q2,80.87104928063253,52.35483870967742
2007-05-29,2007-Q2,80.52225239525703,52.12903225806451
2007-05-30,2007-Q2,79.57551799209497,51.51612903225806
2007-05-31,2007-Q2,78.72843984189734,50.96774193548387
2007-06-01,2007-Q2,79.37620548616613,44.25
2007-06-04,2007-Q2,80.8212211541503,45.05555555555555
2007-06-05,2007-Q2,80.72156490118587,45.0
2007-06-06,2007-Q2,77.98101794466413,43.47222222222222
2007-06-07,2007-Q2,75.58926787351788,42.138888888888886
2007-06-08,2007-Q2,73.54631468774714,41.0
2007-06-11,2007-Q2,72.94837716996058,40.66666666666666
2007-06-12,2007-Q2,76.33668977075108,42.55555555555555
2007-06-13,2007-Q2,75.88823663241118,42.30555555555556
2007-06-14,2007-Q2,76.38651789723332,42.583333333333336
2007-06-15,2007-Q2,75.04115848221355,41.83333333333333
2007-06-18,2007-Q2,75.83840850592895,42.27777777777777
2007-06-19,2007-Q2,73.99476782608707,41.25
2007-06-20,2007-Q2,73.54631468774714,41.0
2007-06-21,2007-Q2,77.23359604743095,43.05555555555556
2007-06-22,2007-Q2,81.12018991304359,45.22222222222222
2007-06-25,2007-Q2,84.30919000790524,46.99999999999999
2007-06-26,2007-Q2,84.55833064031631,47.138888888888886
2007-06-27,2007-Q2,84.15970562845861,46.91666666666666
2007-06-28,2007-Q2,86.0033463083005,47.94444444444444
2007-06-29,2007-Q2,90.33839331225309,50.36111111111112
2007-07-02,2007-Q3,94.8727528221345,52.888888888888886
2007-07-03,2007-Q3,97.51364352569182,54.36111111111111
2007-07-04,2007-Q3,98.65969043478273,55.0
2007-07-05,2007-Q3,103.59267495652188,57.75
2007-07-06,2007-Q3,108.12703446640329,60.27777777777778
2007-07-09,2007-Q3,106.18373753359697,59.19444444444444
2007-07-10,2007-Q3,104.24044060079065,58.11111111111111
2007-07-11,2007-Q3,109.47239388142309,61.02777777777777
2007-07-12,2007-Q3,114.95348779446657,64.08333333333333
2007-07-13,2007-Q3,119.23870667193695,66.47222222222223
2007-07-16,2007-Q3,125.21808184980257,69.80555555555556
2007-07-17,2007-Q3,131.49642578656147,73.30555555555554
2007-07-18,2007-Q3,138.07373848221366,76.97222222222223
2007-07-19,2007-Q3,135.93112904347848,75.77777777777779
2007-07-20,2007-Q3,135.43284777865634,75.5
2007-07-23,2007-Q3,134.9345665138342,75.22222222222223
2007-07-24,2007-Q3,132.54281644268795,73.88888888888889
2007-07-25,2007-Q3,130.5496913833994,72.77777777777777
2007-07-26,2007-Q3,137.07717595256938,76.41666666666667
2007-07-27,2007-Q3,132.74212894861677,73.99999999999999
2007-07-30,2007-Q3,130.2008944980239,72.58333333333333
2007-07-31,2007-Q3,129.45347260079072,72.16666666666667
2007-08-01,2007-Q3,129.25416009486185,72.05555555555554
2007-08-02,2007-Q3,128.20776943873537,71.47222222222223
2007-08-03,2007-Q3,133.93800398418992,74.66666666666667
2007-08-06,2007-Q3,131.6459101660081,73.38888888888889
2007-08-07,2007-Q3,130.5496913833994,72.77777777777777
2007-08-08,2007-Q3,130.1510663715417,72.55555555555556
2007-08-09,2007-Q3,128.10811318577097,71.41666666666667
2007-08-10,2007-Q3,126.56344126482233,70.55555555555556
2007-08-13,2007-Q3,126.91223815019782,70.75
2007-08-14,2007-Q3,127.5101756679844,71.08333333333333
2007-08-15,2007-Q3,127.5101756679844,71.08333333333333
2007-08-16,2007-Q3,122.57719114624526,68.33333333333333
2007-08-17,2007-Q3,116.74730034782627,65.08333333333333
2007-08-20,2007-Q3,122.62701927272745,68.36111111111111
2007-08-21,2007-Q3,116.49815971541521,64.94444444444444
2007-08-22,2007-Q3,119.33836292490138,66.52777777777777
2007-08-23,2007-Q3,121.53080049011876,67.75
2007-08-24,2007-Q3,121.33148798418992,67.63888888888889
2007-08-27,2007-Q3,122.42770676679861,68.25
2007-08-28,2007-Q3,122.57719114624526,68.33333333333333
2007-08-29,2007-Q3,127.36069128853775,71.0
2007-08-30,2007-Q3,127.16137878260889,70.88888888888889
2007-08-31,2007-Q3,133.53937897233223,74.44444444444444
2007-09-03,2007-Q3,140.2163479209488,78.16666666666666
2007-09-04,2007-Q3,141.61153546245077,78.94444444444444
2007-09-05,2007-Q3,139.61841040316224,77.83333333333333
2007-09-06,2007-Q3,139.1201291383401,77.55555555555556
2007-09-07,2007-Q3,139.56858227668002,77.80555555555556
2007-09-10,2007-Q3,138.870988505929,77.41666666666666
2007-09-11,2007-Q3,137.62528534387368,76.72222222222221
2007-09-12,2007-Q3,137.17683220553377,76.47222222222223
2007-09-13,2007-Q3,135.88130091699622,75.75
2007-09-14,2007-Q3,136.8280353201583,76.27777777777779
2007-09-17,2007-Q3,134.6355977549409,75.05555555555556
2007-09-18,2007-Q3,141.41222295652196,78.83333333333333
2007-09-19,2007-Q3,148.48781691699628,82.77777777777777
2007-09-20,2007-Q3,148.33833253754966,82.69444444444444
2007-09-21,2007-Q3,145.4981293280635,81.11111111111111
2007-09-24,2007-Q3,152.77303579446667,85.16666666666667
2007-09-25,2007-Q3,160.09777038735206,89.25
2007-09-26,2007-Q3,156.1613483952572,87.05555555555554
2007-09-27,2007-Q3,156.26100464822167,87.11111111111111
2007-09-28,2007-Q3,159.0513797312256,88.66666666666666
2007-10-01,2007-Q4,156.55997340711494,87.27777777777777
2007-10-02,2007-Q4,156.55997340711494,87.27777777777777
2007-10-03,2007-Q4,152.97234830039557,85.27777777777777
2007-10-04,2007-Q4,151.8761295177869,84.66666666666667
2007-10-05,2007-Q4,155.21461399209517,86.52777777777777
2007-10-08,2007-Q4,147.4912543873521,82.22222222222221
2007-10-09,2007-Q4,152.6733795415023,85.1111111111111
2007-10-10,2007-Q4,155.7128952569173,86.80555555555556
2007-10-11,2007-Q4,150.58059822924932,83.94444444444444
2007-10-12,2007-Q4,150.1321450909094,83.69444444444444
2007-10-15,2007-Q4,149.43455132015842,83.30555555555554
2007-10-16,2007-Q4,147.88987939920978,82.44444444444444
2007-10-17,2007-Q4,146.74383249011888,81.80555555555556
2007-10-18,2007-Q4,145.79709808695682,81.27777777777779
2007-10-19,2007-Q4,139.8177229090912,77.94444444444444
2007-10-22,2007-Q4,142.15964485375525,79.25
2007-10-23,2007-Q4,144.75070743083035,80.69444444444444
2007-10-24,2007-Q4,140.31600417391337,78.22222222222223
2007-10-25,2007-Q4,142.3091292332019,79.33333333333334
2007-10-26,2007-Q4,140.5651448063244,78.36111111111111
2007-10-29,2007-Q4,144.50156679841928,80.55555555555556
2007-10-30,2007-Q4,146.89331686956552,81.88888888888889
2007-10-31,2007-Q4,150.53077010276715,83.91666666666667
2007-11-01,2007-Q4,151.62698888537585,84.52777777777779
2007-11-02,2007-Q4,159.25069223715454,88.77777777777779
2007-11-05,2007-Q4,167.2231924743087,93.22222222222224
2007-11-06,2007-Q4,175.59431772332056,97.88888888888889
2007-11-07,2007-Q4,193.18364637154195,107.69444444444444
2007-11-08,2007-Q4,202.8503029090914,113.08333333333334
2007-11-09,2007-Q4,210.32452188142344,117.25
2007-11-12,2007-Q4,207.63380305138386,115.75
2007-11-13,2007-Q4,199.86061532015856,111.41666666666669
2007-11-14,2007-Q4,197.66817775494115,110.19444444444444
2007-11-15,2007-Q4,196.57195897233245,109.58333333333331
2007-11-16,2007-Q4,197.41903712253009,110.05555555555554
2007-11-19,2007-Q4,200.35889658498067,111.69444444444444
2007-11-20,2007-Q4,201.25580286166053,112.19444444444444
2007-11-21,2007-Q4,199.26267780237197,111.08333333333331
2007-11-22,2007-Q4,195.07711517786603,108.75
2007-11-23,2007-Q4,201.8039122529649,112.5
2007-11-26,2007-Q4,195.22659955731268,108.83333333333331
2007-11-27,2007-Q4,199.31250592885416,111.11111111111111
2007-11-28,2007-Q4,199.31250592885416,111.11111111111111
2007-11-29,2007-Q4,198.46542777865653,110.63888888888889
2007-11-30,2007-Q4,199.21284967588974,111.05555555555556
2007-12-03,2007-Q4,198.7145684110676,110.77777777777776
2007-12-04,2007-Q4,204.04617794466444,113.75
2007-12-05,2007-Q4,212.06850630830084,118.22222222222224
2007-12-06,2007-Q4,213.26438134387394,118.88888888888889
2007-12-07,2007-Q4,212.96541258498067,118.7222222222222
2007-12-10,2007-Q4,213.5633501027673,119.05555555555556
2007-12-11,2007-Q4,220.38980343083054,122.86111111111111
2007-12-12,2007-Q4,221.88464722529696,123.69444444444444
2007-12-13,2007-Q4,223.32966289328115,124.5
2007-12-14,2007-Q4,225.4224442055341,125.66666666666666
2007-12-17,2007-Q4,224.42588167588983,125.1111111111111
2007-12-18,2007-Q4,224.17674104347876,124.9722222222222
2007-12-19,2007-Q4,225.7214129644274,125.83333333333331
2007-12-20,2007-Q4,225.3227879525697,125.6111111111111
2007-12-21,2007-Q4,225.3227879525697,125.6111111111111
2007-12-24,2007-Q4,225.87089734387408,125.91666666666669
2007-12-25,2007-Q4,225.87089734387408,125.91666666666669
2007-12-26,2007-Q4,230.15611622134446,128.30555555555554
2007-12-27,2007-Q4,238.9258664822141,133.19444444444443
2007-12-28,2007-Q4,238.52724147035636,132.97222222222223
2007-12-31,2007-Q4,238.17844458498087,132.77777777777777
2008-01-01,2008-Q1,244.60627290118637,136.36111111111111
2008-01-02,2008-Q1,243.80902287747097,135.91666666666666
2008-01-03,2008-Q1,244.00833538339978,136.02777777777777
2008-01-04,2008-Q1,244.8055854071152,136.47222222222223
2008-01-07,2008-Q1,243.3107416126488,135.63888888888889
2008-01-08,2008-Q1,242.5134915889334,135.19444444444443
2008-01-09,2008-Q1,240.52036652964486,134.08333333333331
2008-01-10,2008-Q1,243.2609134861666,135.61111111111111
2008-01-11,2008-Q1,247.49630423715473,137.97222222222223
2008-01-14,2008-Q1,249.09080428458557,138.86111111111111
2008-01-15,2008-Q1,261.547835905139,145.80555555555554
2008-01-16,2008-Q1,257.41210140711524,143.5
2008-01-17,2008-Q1,255.2196638418979,142.2777777777778
2008-01-18,2008-Q1,255.12000758893342,142.22222222222223
2008-01-21,2008-Q1,242.36400720948674,135.11111111111111
2008-01-22,2008-Q1,230.25577247430886,128.36111111111111
2008-01-23,2008-Q1,218.74547525691753,121.94444444444444
2008-01-24,2008-Q1,207.8331155573128,115.86111111111111
2008-01-25,2008-Q1,197.46886524901237,110.08333333333331
2008-01-28,2008-Q1,187.60289620553408,104.58333333333331
2008-01-29,2008-Q1,178.23520842687793,99.3611111111111
2008-01-30,2008-Q1,186.3073649169965,103.8611111111111
2008-01-31,2008-Q1,188.051349343874,104.83333333333331
2008-02-01,2008-Q1,197.16989649011907,109.91666666666666
2008-02-04,2008-Q1,207.0358655335974,115.41666666666666
2008-02-05,2008-Q1,217.40011584189782,121.19444444444444
2008-02-06,2008-Q1,218.39667837154207,121.75
2008-02-07,2008-Q1,217.94822523320212,121.5
2008-02-08,2008-Q1,219.34341277470415,122.27777777777776
2008-02-11,2008-Q1,210.5736625138346,117.38888888888889
2008-02-12,2008-Q1,202.80047478260929,113.05555555555556
2008-02-13,2008-Q1,204.24549045059345,113.8611111111111
2008-02-14,2008-Q1,198.86405279051442,110.86111111111111
2008-02-15,2008-Q1,208.5307093280639,116.25
2008-02-18,2008-Q1,214.41042825296506,119.52777777777776
2008-02-19,2008-Q1,218.9447877628465,122.05555555555554
2008-02-20,2008-Q1,217.44994396838007,121.2222222222222
2008-02-21,2008-Q1,221.83481909881485,123.66666666666666
2008-02-22,2008-Q1,219.6922096600797,122.4722222222222
2008-02-25,2008-Q1,218.99461588932868,122.08333333333331
2008-02-26,2008-Q1,221.68533471936823,123.58333333333331
2008-02-27,2008-Q1,228.61144430039596,127.44444444444444
2008-02-28,2008-Q1,227.31591301185838,126.7222222222222
2008-02-29,2008-Q1,227.0169442529651,126.55555555555556
2008-03-03,2008-Q1,216.90183457707573,120.91666666666669
2008-03-04,2008-Q1,208.77984996047493,116.38888888888889
2008-03-05,2008-Q1,218.34685024505993,121.7222222222222
2008-03-06,2008-Q1,218.34685024505993,121.7222222222222
2008-03-07,2008-Q1,207.78328743083065,115.83333333333331
2008-03-10,2008-Q1,191.09086505928911,106.52777777777776
2008-03-11,2008-Q1,210.1750375019769,117.16666666666669
2008-03-12,2008-Q1,211.3210844110678,117.80555555555556
2008-03-13,2008-Q1,201.4551153675895,112.30555555555556
2008-03-14,2008-Q1,218.19736586561325,121.63888888888889
2008-03-17,2008-Q1,200.05992782608752,111.52777777777776
2008-03-18,2008-Q1,206.43792801581085,115.08333333333331
2008-03-19,2008-Q1,203.49806855336024,113.44444444444444
2008-03-20,2008-Q1,203.49806855336024,113.44444444444444
2008-03-21,2008-Q1,203.49806855336024,113.44444444444444
2008-03-24,2008-Q1,193.48261513043533,107.86111111111111
2008-03-25,2008-Q1,198.46542777865668,110.63888888888889
2008-03-26,2008-Q1,195.276427683795,108.8611111111111
2008-03-27,2008-Q1,184.6132086166013,102.91666666666666
2008-03-28,2008-Q1,201.05649035573177,112.08333333333331
2008-03-31,2008-Q1,195.6750526956527,109.08333333333331
2008-04-01,2008-Q2,196.671615225297,109.63888888888889
2008-04-02,2008-Q2,196.4224745928859,109.5
2008-04-03,2008-Q2,190.59258379446692,106.25
2008-04-04,2008-Q2,186.0582242845855,103.7222222222222
2008-04-07,2008-Q2,182.7197398102772,101.8611111111111
2008-04-08,2008-Q2,175.44483334387402,97.80555555555556
2008-04-09,2008-Q2,180.5273022450598,100.63888888888889
2008-04-10,2008-Q2,178.0857240474313,99.27777777777776
2008-04-11,2008-Q2,177.48778652964475,98.94444444444444
2008-04-14,2008-Q2,177.48778652964475,98.94444444444444
2008-04-15,2008-Q2,183.7661304664037,102.44444444444444
2008-04-16,2008-Q2,186.10805241106775,103.75
2008-04-17,2008-Q2,187.4035836996053,104.47222222222224
2008-04-18,2008-Q2,187.4035836996053,104.47222222222224
2008-04-21,2008-Q2,186.20770866403217,103.80555555555554
2008-04-22,2008-Q2,187.15444306719425,104.33333333333334
2008-04-23,2008-Q2,188.05134934387408,104.83333333333331
2008-04-24,2008-Q2,183.51698983399265,102.30555555555556
2008-04-25,2008-Q2,177.8864115415025,99.16666666666666
2008-04-28,2008-Q2,187.85203683794523,104.7222222222222
2008-04-29,2008-Q2,197.36920899604803,110.0277777777778
2008-04-30,2008-Q2,207.88294368379505,115.88888888888889
2008-05-01,2008-Q2,207.88294368379505,115.88888888888889
2008-05-02,2008-Q2,209.3279593517793,116.69444444444444
2008-05-05,2008-Q2,208.38122494861722,116.16666666666666
2008-05-06,2008-Q2,210.3245218814236,117.25
2008-05-07,2008-Q2,219.29358464822204,122.25
2008-05-08,2008-Q2,227.86402240316275,127.02777777777776
2008-05-09,2008-Q2,230.00663184189798,128.22222222222223
2008-05-12,2008-Q2,231.85027252173984,129.25
2008-05-13,2008-Q2,224.47570980237222,125.13888888888889
2008-05-14,2008-Q2,221.4860222134394,123.4722222222222
2008-05-15,2008-Q2,224.02725666403234,124.88888888888889
2008-05-16,2008-Q2,226.1200379762853,126.05555555555556
2008-05-19,2008-Q2,226.1200379762853,126.05555555555556
2008-05-20,2008-Q2,220.1406627984197,122.72222222222224
2008-05-21,2008-Q2,219.34341277470423,122.27777777777776
2008-05-22,2008-Q2,225.52210045849876,125.72222222222224
2008-05-23,2008-Q2,220.1406627984197,122.72222222222224
2008-05-26,2008-Q2,215.7557876679849,120.27777777777776
2008-05-27,2008-Q2,218.69564713043545,121.91666666666666
2008-05-28,2008-Q2,222.38292849011933,123.97222222222224
2008-05-29,2008-Q2,216.10458455336038,120.4722222222222
2008-05-30,2008-Q2,220.88808469565288,123.13888888888889
2008-06-02,2008-Q2,222.73172537549476,124.16666666666666
2008-06-03,2008-Q2,219.99117841897302,122.63888888888889
2008-06-04,2008-Q2,217.15097520948686,121.05555555555556
2008-06-05,2008-Q2,218.04788148616672,121.55555555555556
2008-06-06,2008-Q2,217.74891272727345,121.38888888888889
2008-06-09,2008-Q2,217.64925647430903,121.33333333333331
2008-06-10,2008-Q2,222.8313816284592,124.2222222222222
2008-06-11,2008-Q2,233.9928819604751,130.44444444444446
2008-06-12,2008-Q2,245.70249168379527,136.97222222222223
2008-06-13,2008-Q2,238.47741334387433,132.94444444444446
2008-06-16,2008-Q2,248.54269489328144,138.55555555555554
2008-06-17,2008-Q2,248.39321051383482,138.47222222222223
2008-06-18,2008-Q2,246.30042920158186,137.30555555555554
2008-06-19,2008-Q2,243.41039786561345,135.69444444444443
2008-06-20,2008-Q2,237.0822258023723,132.16666666666666
2008-06-23,2008-Q2,227.96367865612723,127.08333333333331
2008-06-24,2008-Q2,227.913850529645,127.05555555555554
2008-06-25,2008-Q2,238.02896020553442,132.69444444444443
2008-06-26,2008-Q2,242.11486657707593,134.9722222222222
2008-06-27,2008-Q2,235.43789762845935,131.25
2008-06-30,2008-Q2,230.60456935968463,128.55555555555554
2008-07-01,2008-Q3,219.0942721422933,122.13888888888889
2008-07-02,2008-Q3,208.18191244268854,116.05555555555556
2008-07-03,2008-Q3,197.7678340079059,110.25
2008-07-04,2008-Q3,187.90186496442763,104.75
2008-07-07,2008-Q3,206.73689677470435,115.25
2008-07-08,2008-Q3,227.41556926482298,126.77777777777776
2008-07-09,2008-Q3,230.75405373913134,128.63888888888889
2008-07-10,2008-Q3,225.4722723320167,125.69444444444444
2008-07-11,2008-Q3,244.5564447747045,136.33333333333334
2008-07-14,2008-Q3,232.3485537865621,129.52777777777777
2008-07-15,2008-Q3,220.73860031620634,123.05555555555556
2008-07-16,2008-Q3,209.72658436363713,116.91666666666666
2008-07-17,2008-Q3,199.26267780237228,111.08333333333331
2008-07-18,2008-Q3,189.29705250592954,105.52777777777776
2008-07-21,2008-Q3,179.82970847430897,100.25
2008-07-22,2008-Q3,170.8606457075105,95.25
2008-07-23,2008-Q3,162.340036079052,90.5
2008-07-24,2008-Q3,154.21805146245117,85.97222222222221
2008-07-25,2008-Q3,146.5445199841903,81.69444444444444
2008-07-28,2008-Q3,139.21978539130484,77.6111111111111
2008-07-29,2008-Q3,132.29367581027714,73.75
2008-07-30,2008-Q3,125.71636311462495,70.08333333333333
2008-07-31,2008-Q3,119.43801917786604,66.58333333333333
2008-08-01,2008-Q3,113.50847212648262,63.27777777777778
2008-08-04,2008-Q3,119.18887854545498,66.44444444444444
2008-08-05,2008-Q3,125.1682537233206,69.77777777777777
2008-08-06,2008-Q3,126.31430063241152,70.41666666666667
2008-08-07,2008-Q3,127.80914442687794,71.25
2008-08-08,2008-Q3,122.925988031621,68.52777777777777
2008-08-11,2008-Q3,116.79712847430874,65.11111111111111
2008-08-12,2008-Q3,111.5651751936763,62.19444444444444
2008-08-13,2008-Q3,117.04626910671979,65.25
2008-08-14,2008-Q3,112.96036273517828,62.97222222222221
2008-08-15,2008-Q3,112.96036273517828,62.97222222222221
2008-08-18,2008-Q3,107.67858132806364,60.02777777777777
2008-08-19,2008-Q3,102.29714366798459,57.02777777777778
2008-08-20,2008-Q3,102.49645617391342,57.138888888888886
2008-08-21,2008-Q3,97.41398727272764,54.30555555555556
2008-08-22,2008-Q3,92.58065900395292,51.61111111111112
2008-08-25,2008-Q3,87.94664324110705,49.02777777777778
2008-08-26,2008-Q3,92.38134649802406,51.5
2008-08-27,2008-Q3,97.0153622608699,54.08333333333333
2008-08-28,2008-Q3,101.89851865612684,56.80555555555556
2008-08-29,2008-Q3,107.03081568379486,59.66666666666667
2008-09-01,2008-Q3,112.41225334387393,109.51456310679612
2008-09-02,2008-Q3,117.69403475098856,114.66019417475728
2008-09-03,2008-Q3,117.69403475098856,114.66019417475728
2008-09-04,2008-Q3,117.19575348616642,114.17475728155338
2008-09-05,2008-Q3,112.16311271146286,109.27184466019416
2008-09-08,2008-Q3,113.30915962055377,110.3883495145631
2008-09-09,2008-Q3,118.5909410276684,115.53398058252426
2008-09-10,2008-Q3,116.34867533596878,113.3495145631068
2008-09-11,2008-Q3,115.75073781818223,112.76699029126212
2008-09-12,2008-Q3,112.46208147035611,109.5631067961165
2008-09-15,2008-Q3,117.8933472569174,114.85436893203882
2008-09-16,2008-Q3,117.34523786561306,114.32038834951456
2008-09-17,2008-Q3,115.95005032411107,112.96116504854368
2008-09-18,2008-Q3,115.90022219762886,112.9126213592233
2008-09-19,2008-Q3,121.73011299604788,118.59223300970874
2008-09-22,2008-Q3,120.53423796047475,117.4271844660194
2008-09-23,2008-Q3,115.10297217391347,112.13592233009707
2008-09-24,2008-Q3,114.30572215019805,111.35922330097088
2008-09-25,2008-Q3,114.05658151778698,111.11650485436893
2008-09-26,2008-Q3,111.26620643478304,108.3980582524272
2008-09-29,2008-Q3,105.88476877470397,103.15533980582524
2008-09-30,2008-Q3,110.46895641106761,107.62135922330096
2008-10-01,2008-Q4,114.0067533913048,111.06796116504854
2008-10-02,2008-Q4,114.0067533913048,111.06796116504854
2008-10-03,2008-Q4,114.4053784031625,111.45631067961163
2008-10-06,2008-Q4,108.72497198419015,105.92233009708735
2008-10-07,2008-Q4,109.37273762845892,106.55339805825244
2008-10-08,2008-Q4,107.37961256917038,104.6116504854369
2008-10-09,2008-Q4,107.37961256917038,104.6116504854369
2008-10-10,2008-Q4,102.04800303557352,99.41747572815534
2008-10-13,2008-Q4,96.96553413438772,94.46601941747572
2008-10-14,2008-Q4,92.132205865613,89.75728155339806
2008-10-15,2008-Q4,87.54801822924935,85.29126213592232
2008-10-16,2008-Q4,83.21297122529677,81.06796116504854
2008-10-17,2008-Q4,79.07723672727303,77.03883495145631
2008-10-20,2008-Q4,75.14081473517815,73.20388349514563
2008-10-21,2008-Q4,71.40370524901213,69.56310679611651
2008-10-22,2008-Q4,67.86590826877496,66.11650485436893
2008-10-23,2008-Q4,64.47759566798445,62.81553398058252
2008-10-24,2008-Q4,61.28859557312278,59.70873786407767
2008-10-27,2008-Q4,58.24907985770775,56.74757281553399
2008-10-28,2008-Q4,55.359048521739346,53.93203883495145
2008-10-29,2008-Q4,52.61850156521759,51.262135922330096
2008-10-30,2008-Q4,52.61850156521759,51.262135922330096
2008-10-31,2008-Q4,50.02743898814249,48.737864077669904
2008-11-03,2008-Q4,47.536032664031815,46.310679611650485
2008-11-04,2008-Q4,45.19411071936777,44.02912621359224
2008-11-05,2008-Q4,42.951845027668156,41.84466019417476
2008-11-06,2008-Q4,40.80923558893297,39.75728155339806
2008-11-07,2008-Q4,38.7662824031622,37.76699029126213
2008-11-10,2008-Q4,40.70957933596854,39.66019417475728
2008-11-11,2008-Q4,38.86593865612664,37.86407766990291
2008-11-12,2008-Q4,36.922641723320304,35.970873786407765
2008-11-13,2008-Q4,36.922641723320304,35.970873786407765
2008-11-14,2008-Q4,35.07900104347841,34.1747572815534
2008-11-17,2008-Q4,33.33501661660093,32.47572815533981
2008-11-18,2008-Q4,31.69068844268788,30.87378640776699
2008-11-19,2008-Q4,30.146016521739256,29.368932038834952
2008-11-20,2008-Q4,28.65117272727285,27.9126213592233
2008-11-21,2008-Q4,27.255985185770868,26.553398058252423
2008-11-24,2008-Q4,25.9106257707511,25.24271844660194
2008-11-25,2008-Q4,24.615094482213543,23.98058252427184
2008-11-26,2008-Q4,23.419219446640415,22.81553398058252
2008-11-27,2008-Q4,23.419219446640415,22.81553398058252
2008-11-28,2008-Q4,22.273172537549502,21.699029126213592
2008-12-01,2008-Q4,21.1769537549408,
2008-12-02,2008-Q4,20.130563098814314,
2008-12-03,2008-Q4,21.1769537549408,
2008-12-04,2008-Q4,22.2731725375495,
2008-12-05,2008-Q4,23.41921944664041,
2008-12-08,2008-Q4,24.615094482213543,
2008-12-09,2008-Q4,24.615094482213543,
2008-12-10,2008-Q4,25.860797644268885,
2008-12-11,2008-Q4,27.15632893280644,
2008-12-12,2008-Q4,28.551516474308418,
2008-12-15,2008-Q4,29.99653214229262,
2008-12-16,2008-Q4,31.54120406324124,
2008-12-17,2008-Q4,32.63742284584993,
2008-12-18,2008-Q4,34.281751019762986,
2008-12-19,2008-Q4,36.02573544664046,
2008-12-22,2008-Q4,37.420922988142436,
2008-12-23,2008-Q4,37.719891747035724,
2008-12-24,2008-Q4,35.87625106719382,
2008-12-25,2008-Q4,35.87625106719382,
2008-12-26,2008-Q4,34.08243851383413,
2008-12-29,2008-Q4,32.38828221343886,
2008-12-30,2008-Q4,34.03261038735191,
2008-12-31,2008-Q4,35.57728230830054,
2009-01-01,2009-Q1,37.371094861660225,
2009-01-02,2009-Q1,39.06525116205549,
2009-01-05,2009-Q1,38.41748551778671,
2009-01-06,2009-Q1,37.371094861660225,
2009-01-07,2009-Q1,35.52745418181832,
2009-01-08,2009-Q1,35.52745418181832,
2009-01-09,2009-Q1,33.783469754940846,
2009-01-12,2009-Q1,32.08931345454559,
2009-01-13,2009-Q1,30.49481340711475,
2009-01-14,2009-Q1,28.99996961264834,
2009-01-15,2009-Q1,27.55495394466414,
2009-01-16,2009-Q1,26.209594529644377,
2009-01-19,2009-Q1,24.914063241106824,
2009-01-20,2009-Q1,23.66836007905148,
2009-01-21,2009-Q1,24.864235114624613,
2009-01-22,2009-Q1,26.10993827667995,
2009-01-23,2009-Q1,27.455297691699727,
2009-01-26,2009-Q1,27.455297691699727,
2009-01-27,2009-Q1,26.857360173913165,
2009-01-28,2009-Q1,27.903750830039655,
2009-01-29,2009-Q1,26.508563288537676,
2009-01-30,2009-Q1,25.21303200000012,
2009-02-02,2009-Q1,23.967328837944777,
2009-02-03,2009-Q1,22.77145380237165,
2009-02-04,2009-Q1,22.970766308300497,
2009-02-05,2009-Q1,24.017156964426988,
2009-02-06,2009-Q1,22.871110055336075,
2009-02-09,2009-Q1,23.36939132015821,
2009-02-10,2009-Q1,23.07042256126493,
2009-02-11,2009-Q1,22.721625675889435,
2009-02-12,2009-Q1,21.625406893280733,
2009-02-13,2009-Q1,21.475922513834092,
2009-02-16,2009-Q1,20.429531857707605,
2009-02-17,2009-Q1,19.881422466403258,
2009-02-18,2009-Q1,19.134000569170052,
2009-02-19,2009-Q1,18.18726616600799,
2009-02-20,2009-Q1,17.290359889328148,
2009-02-23,2009-Q1,17.290359889328148,
2009-02-24,2009-Q1,16.443281739130516,
2009-02-25,2009-Q1,15.695859841897308,
2009-02-26,2009-Q1,14.948437944664102,
2009-02-27,2009-Q1,14.201016047430896,
2009-03-02,2009-Q1,14.201016047430896,
2009-03-03,2009-Q1,13.553250403162119,
2009-03-04,2009-Q1,12.90548475889334,
2009-03-05,2009-Q1,12.257719114624564,
2009-03-06,2009-Q1,11.659781596837998,
2009-03-09,2009-Q1,11.111672205533647,
2009-03-10,2009-Q1,11.111672205533647,
2009-03-11,2009-Q1,11.111672205533647,
2009-03-12,2009-Q1,10.563562814229297,
2009-03-13,2009-Q1,10.164937802371588,
2009-03-16,2009-Q1,10.713047193675939,
2009-03-17,2009-Q1,11.261156584980288,
2009-03-18,2009-Q1,11.859094102766852,
2009-03-19,2009-Q1,12.457031620553416,
2009-03-20,2009-Q1,13.104797264822194,
2009-03-23,2009-Q1,13.802391035573184,
2009-03-24,2009-Q1,13.353937897233262,
2009-03-25,2009-Q1,13.802391035573184,
2009-03-26,2009-Q1,14.300672300395322,
2009-03-27,2009-Q1,14.350500426877534,
2009-03-30,2009-Q1,13.652906656126541,
2009-03-31,2009-Q1,13.5034222766799,
2009-04-01,2009-Q2,13.951875415019822,
2009-04-02,2009-Q2,14.250844173913107,
2009-04-03,2009-Q2,14.250844173913107,
2009-04-06,2009-Q2,14.948437944664096,
2009-04-07,2009-Q2,14.948437944664096,
2009-04-08,2009-Q2,15.695859841897303,
2009-04-09,2009-Q2,16.49310986561272,
2009-04-10,2009-Q2,16.49310986561272,
2009-04-13,2009-Q2,16.293797359683865,
2009-04-14,2009-Q2,16.293797359683865,
2009-04-15,2009-Q2,16.443281739130505,
2009-04-16,2009-Q2,15.646031715415084,
2009-04-17,2009-Q2,15.446719209486231,
2009-04-20,2009-Q2,16.243969233201653,
2009-04-21,2009-Q2,16.09448485375501,
2009-04-22,2009-Q2,16.0446567272728,
2009-04-23,2009-Q2,15.94500047430837,
2009-04-24,2009-Q2,16.144312980237224,
2009-04-27,2009-Q2,16.194141106719435,
2009-04-28,2009-Q2,16.443281739130505,
2009-04-29,2009-Q2,16.792078624506,
2009-04-30,2009-Q2,16.792078624506,
2009-05-01,2009-Q2,16.792078624506,
2009-05-04,2009-Q2,17.240531762845922,
2009-05-05,2009-Q2,18.13743803952577,
2009-05-06,2009-Q2,19.084172442687827,
2009-05-07,2009-Q2,19.13400056917004,
2009-05-08,2009-Q2,20.977641249011945,
2009-05-11,2009-Q2,20.977641249011945,
2009-05-12,2009-Q2,21.77489127272737,
2009-05-13,2009-Q2,22.223344411067295,
2009-05-14,2009-Q2,22.123688158102865,
2009-05-15,2009-Q2,22.9707663083005,
2009-05-18,2009-Q2,22.9707663083005,
2009-05-19,2009-Q2,24.116813217391417,
2009-05-20,2009-Q2,25.36251637944676,
2009-05-21,2009-Q2,26.65804766798432,
2009-05-22,2009-Q2,28.00340708300409,
2009-05-25,2009-Q2,29.448422750988286,
2009-05-26,2009-Q2,30.84361029249027,
2009-05-27,2009-Q2,32.38828221343889,
2009-05-28,2009-Q2,34.03261038735194,
2009-05-29,2009-Q2,35.77659481422942,
2009-06-01,2009-Q2,37.57040736758912,
2009-06-02,2009-Q2,39.463876173913235,
2009-06-03,2009-Q2,41.45700123320179,
2009-06-04,2009-Q2,43.54978254545476,
2009-06-05,2009-Q2,45.74222011067215,
2009-06-08,2009-Q2,43.54978254545476,
2009-06-09,2009-Q2,41.40717310671957,
2009-06-10,2009-Q2,40.0618136916998,
2009-06-11,2009-Q2,38.06868863241125,
2009-06-12,2009-Q2,36.17521982608712,
2009-06-15,2009-Q2,34.38140727272743,
2009-06-16,2009-Q2,36.12539169960491,
2009-06-17,2009-Q2,36.32470420553377,
2009-06-18,2009-Q2,35.07900104347843,
2009-06-19,2009-Q2,33.484500996047586,
2009-06-22,2009-Q2,31.939829075098956,
2009-06-23,2009-Q2,30.644297786561406,
2009-06-24,2009-Q2,32.188969707510026,
2009-06-25,2009-Q2,33.83329788142308,
2009-06-26,2009-Q2,35.527454181818335,
2009-06-29,2009-Q2,37.12195422924917,
2009-06-30,2009-Q2,35.278313549407265,
2009-07-01,2009-Q3,33.63398537549422,
2009-07-02,2009-Q3,34.03261038735192,
2009-07-03,2009-Q3,34.28175101976299,
2009-07-06,2009-Q3,32.98621973122544,
2009-07-07,2009-Q3,33.33501661660094,
2009-07-08,2009-Q3,29.99653214229262,
2009-07-09,2009-Q3,29.548079003952694,
2009-07-10,2009-Q3,28.800657106719488,
2009-07-13,2009-Q3,25.96045389723331,
2009-07-14,2009-Q3,28.601344600790632,
2009-07-15,2009-Q3,31.491375936759024,
2009-07-16,2009-Q3,32.78690722529658,
2009-07-17,2009-Q3,33.53432912252978,
2009-07-20,2009-Q3,34.132266640316345,
2009-07-21,2009-Q3,32.43811033992108,
2009-07-22,2009-Q3,31.491375936759024,
2009-07-23,2009-Q3,32.43811033992108,
2009-07-24,2009-Q3,32.98621973122544,
2009-07-27,2009-Q3,32.886563478261,
2009-07-28,2009-Q3,32.1391415810278,
2009-07-29,2009-Q3,30.694125913043607,
2009-07-30,2009-Q3,30.395157154150326,
2009-07-31,2009-Q3,30.146016521739256,
2009-08-03,2009-Q3,30.19584464822147,
2009-08-04,2009-Q3,30.943266545454673,
2009-08-05,2009-Q3,30.24567277470368,
2009-08-06,2009-Q3,29.398594624506046,
2009-08-07,2009-Q3,28.302375841897344,
2009-08-10,2009-Q3,26.907188300395365,
2009-08-11,2009-Q3,25.661485138340023,
2009-08-12,2009-Q3,24.465610102766895,
2009-08-13,2009-Q3,24.914063241106817,
2009-08-14,2009-Q3,24.864235114624606,
2009-08-17,2009-Q3,23.618531952569263,
2009-08-18,2009-Q3,23.518875699604838,
2009-08-19,2009-Q3,23.120250687747124,
2009-08-20,2009-Q3,24.31612572332025,
2009-08-21,2009-Q3,25.561828885375594,
2009-08-24,2009-Q3,26.85736017391315,
2009-08-25,2009-Q3,28.20271958893292,
2009-08-26,2009-Q3,29.647735256917112,
2009-08-27,2009-Q3,31.142579051383525,
2009-08-28,2009-Q3,29.9467040158104,
2009-08-31,2009-Q3,29.149453992094983,
2009-09-01,2009-Q3,29.498250877470475,105.71428571428572
2009-09-02,2009-Q3,28.651172727272844,102.67857142857142
2009-09-03,2009-Q3,28.601344600790625,102.5
2009-09-04,2009-Q3,28.651172727272844,102.67857142857142
2009-09-07,2009-Q3,31.54120406324123,113.03571428571426
2009-09-08,2009-Q3,30.743954039525814,110.17857142857142
2009-09-09,2009-Q3,30.3453290276681,108.75
2009-09-10,2009-Q3,30.64429778656138,109.82142857142856
2009-09-11,2009-Q3,29.896875889328175,107.14285714285714
2009-09-14,2009-Q3,29.49825087747047,105.71428571428572
2009-09-15,2009-Q3,29.249110245059402,104.82142857142856
2009-09-16,2009-Q3,29.847047762845964,106.96428571428572
2009-09-17,2009-Q3,29.697563383399327,106.42857142857142
2009-09-18,2009-Q3,29.548079003952683,105.89285714285712
2009-09-21,2009-Q3,29.548079003952683,105.89285714285712
2009-09-22,2009-Q3,28.850485233201688,103.39285714285712
2009-09-23,2009-Q3,28.152891462450697,100.89285714285714
2009-09-24,2009-Q3,28.202719588932908,101.07142857142856
2009-09-25,2009-Q3,29.199282118577184,104.64285714285714
2009-09-28,2009-Q3,29.199282118577184,104.64285714285714
2009-09-29,2009-Q3,29.44842275098825,105.53571428571428
2009-09-30,2009-Q3,28.999969612648332,103.92857142857144
2009-10-01,2009-Q4,28.501688347826196,102.14285714285714
2009-10-02,2009-Q4,28.501688347826196,102.14285714285714
2009-10-05,2009-Q4,27.704438324110775,99.28571428571428
2009-10-06,2009-Q4,27.8040945770752,99.64285714285712
2009-10-07,2009-Q4,28.30237584189734,101.42857142857142
2009-10-08,2009-Q4,28.202719588932915,101.07142857142856
2009-10-09,2009-Q4,27.106500806324213,97.14285714285712
2009-10-12,2009-Q4,26.75770392094872,95.89285714285714
2009-10-13,2009-Q4,26.75770392094872,95.89285714285714
2009-10-14,2009-Q4,27.55495394466414,98.75
2009-10-15,2009-Q4,27.55495394466414,98.75
2009-10-16,2009-Q4,26.907188300395365,96.42857142857142
2009-10-17,2009-Q4,27.305813312253076,97.85714285714285
2009-10-19,2009-Q4,27.305813312253076,97.85714285714285
2009-10-20,2009-Q4,27.006844553359795,96.78571428571428
2009-10-21,2009-Q4,29.5979071304349,106.07142857142856
2009-10-22,2009-Q4,31.49137593675902,112.85714285714285
2009-10-23,2009-Q4,30.444985280632533,109.10714285714285
2009-10-26,2009-Q4,29.34876649802383,105.17857142857142
2009-10-27,2009-Q4,26.55839141501987,95.17857142857142
2009-10-28,2009-Q4,26.55839141501987,95.17857142857142
2009-10-29,2009-Q4,25.512000758893386,91.42857142857144
2009-10-30,2009-Q4,26.209594529644377,93.92857142857142
2009-11-02,2009-Q4,26.209594529644377,93.92857142857142
2009-11-03,2009-Q4,24.166641343873614,86.60714285714285
2009-11-04,2009-Q4,24.56526635573132,88.03571428571428
2009-11-05,2009-Q4,24.864235114624602,89.10714285714285
2009-11-06,2009-Q4,25.11337574703567,89.99999999999999
2009-11-09,2009-Q4,27.056672679841995,96.9642857142857
2009-11-10,2009-Q4,26.75770392094872,95.89285714285714
2009-11-11,2009-Q4,27.00684455335979,96.78571428571428
2009-11-12,2009-Q4,27.15632893280643,97.32142857142856
2009-11-13,2009-Q4,26.55839141501987,95.17857142857142
2009-11-16,2009-Q4,26.658047667984302,95.53571428571428
2009-11-17,2009-Q4,26.907188300395365,96.42857142857142
2009-11-18,2009-Q4,27.255985185770864,97.67857142857144
2009-11-19,2009-Q4,26.50856328853766,95.0
2009-11-20,2009-Q4,25.71131326482224,92.14285714285714
2009-11-23,2009-Q4,25.561828885375597,91.60714285714285
2009-11-24,2009-Q4,25.362516379446742,90.89285714285712
2009-11-25,2009-Q4,24.51543822924911,87.85714285714285
2009-11-26,2009-Q4,24.664922608695754,88.39285714285714
2009-11-27,2009-Q4,23.51887569960484,84.28571428571428
2009-11-30,2009-Q4,24.76457886166018,88.75
2009-12-01,2009-Q4,24.864235114624602,
2009-12-02,2009-Q4,25.66148513834002,
2009-12-03,2009-Q4,25.462172632411164,
2009-12-04,2009-Q4,25.31268825296452,
2009-12-07,2009-Q4,26.408907035573225,
2009-12-08,2009-Q4,31.69068844268787,
2009-12-09,2009-Q4,38.02882613122544,
2009-12-10,2009-Q4,36.087564064317334,
2009-12-11,2009-Q4,35.241372906947134,
2009-12-14,2009-Q4,32.10548802963404,
2009-12-15,2009-Q4,30.512657615760727,
2009-12-16,2009-Q4,30.214001913159485,
2009-12-17,2009-Q4,33.25033488960549,
2009-12-18,2009-Q4,33.25033488960549,
2009-12-21,2009-Q4,32.00593612876696,
2009-12-22,2009-Q4,31.757056376599255,
2009-12-23,2009-Q4,31.508176624431545,
2009-12-24,2009-Q4,31.15974497139676,
2009-12-25,2009-Q4,31.15974497139676,
2009-12-28,2009-Q4,31.15974497139676,
2009-12-29,2009-Q4,30.16422596272594,
2009-12-30,2009-Q4,29.86557026012469,
2009-12-31,2009-Q4,32.85212728613716,
2010-01-01,2010-Q1,32.85212728613716,
2010-01-04,2010-Q1,31.85660827746634,
2010-01-05,2010-Q1,33.399662740906116,
2010-01-06,2010-Q1,33.00145513743779,
2010-01-07,2010-Q1,36.33644381648505,
2010-01-08,2010-Q1,37.879498279924825,
2010-01-11,2010-Q1,37.730170428624206,
2010-01-12,2010-Q1,35.7889083617161,
2010-01-13,2010-Q1,37.92927423035838,
2010-01-14,2010-Q1,36.6350995190863,
2010-01-15,2010-Q1,36.236891915617974,
2010-01-18,2010-Q1,36.535547618219226,
2010-01-19,2010-Q1,35.83868431214965,
2010-01-20,2010-Q1,34.992493154779446,
2010-01-21,2010-Q1,33.15078298873842,
2010-01-22,2010-Q1,31.906384227899892,
2010-01-25,2010-Q1,38.28766107347987,
2010-01-26,2010-Q1,38.28766107347987,
2010-01-27,2010-Q1,36.248967431904966,
2010-01-28,2010-Q1,35.45337966933915,
2010-01-29,2010-Q1,38.68545495476277,
2010-02-01,2010-Q1,38.834627660243854,
2010-02-02,2010-Q1,36.29869166706532,
2010-02-03,2010-Q1,41.51973635890348,
2010-02-04,2010-Q1,38.33738530864022,
2010-02-05,2010-Q1,37.44234907575368,
2010-02-06,2010-Q1,39.03352460088531,
2010-02-08,2010-Q1,38.13848836799877,
2010-02-09,2010-Q1,37.59152178123477,
2010-02-10,2010-Q1,37.044555194470774,
2010-02-11,2010-Q1,36.89538248898968,
2010-02-12,2010-Q1,36.89538248898968,
2010-02-15,2010-Q1,36.89538248898968,
2010-02-16,2010-Q1,36.34841590222568,
2010-02-17,2010-Q1,36.29869166706532,
2010-02-18,2010-Q1,37.392624840593314,
2010-02-19,2010-Q1,36.447864372546405,
2010-02-22,2010-Q1,36.69648554834822,
2010-02-23,2010-Q1,36.14951896158423,
2010-02-24,2010-Q1,35.25448272869768,
2010-02-25,2010-Q1,34.75724037709405,
2010-02-26,2010-Q1,34.85668884741477,
2010-03-01,2010-Q1,34.85668884741477,103.08823529411764
2010-03-02,2010-Q1,35.10531002321659,103.8235294117647
2010-03-03,2010-Q1,35.552828139659866,105.1470588235294
2010-03-04,2010-Q1,36.5970370780275,108.23529411764704
2010-03-05,2010-Q1,36.0500704912635,106.61764705882352
2010-03-08,2010-Q1,35.85117355062204,106.02941176470588
2010-03-09,2010-Q1,35.30420696385805,104.41176470588236
2010-03-10,2010-Q1,35.055585788056234,103.67647058823528
2010-03-11,2010-Q1,34.110825320009326,100.88235294117644
2010-03-12,2010-Q1,34.657791906773326,102.5
2010-03-15,2010-Q1,33.71303143872642,99.70588235294116
2010-03-16,2010-Q1,33.31523755744351,98.52941176470588
2010-03-17,2010-Q1,33.514134498084964,99.11764705882354
2010-03-18,2010-Q1,33.01689214648133,97.64705882352942
2010-03-19,2010-Q1,31.823510502632605,94.11764705882352
2010-03-22,2010-Q1,30.132886507180245,89.11764705882352
2010-03-23,2010-Q1,29.983713801699153,88.67647058823529
2010-03-24,2010-Q1,29.983713801699153,88.67647058823529
2010-03-25,2010-Q1,31.177095445547874,92.20588235294116
2010-03-26,2010-Q1,30.67985309394424,90.73529411764706
2010-03-29,2010-Q1,29.585919920416238,87.5
2010-03-30,2010-Q1,27.447777808520613,81.17647058823529
2010-03-31,2010-Q1,27.497502043680974,81.3235294117647
2010-04-01,2010-Q2,29.43674721493515,87.05882352941177
2010-04-02,2010-Q2,29.43674721493515,87.05882352941177
2010-04-05,2010-Q2,30.7295773291046,90.88235294117646
2010-04-06,2010-Q2,30.63012885878387,90.58823529411764
2010-04-07,2010-Q2,29.834541096218057,88.23529411764706
2010-04-08,2010-Q2,29.735092625897327,87.94117647058822
2010-04-09,2010-Q2,29.536195685255873,87.35294117647058
2010-04-12,2010-Q2,29.188126039133333,86.32352941176471
2010-04-13,2010-Q2,27.497502043680974,81.3235294117647
2010-04-14,2010-Q2,27.497502043680974,81.3235294117647
2010-04-15,2010-Q2,27.547226278841343,81.47058823529412
2010-04-16,2010-Q2,27.69639898432244,81.91176470588235
2010-04-19,2010-Q2,27.099708162398073,80.1470588235294
2010-04-20,2010-Q2,27.99474439528461,82.79411764705881
2010-04-21,2010-Q2,28.690883687529702,84.85294117647058
2010-04-22,2010-Q2,28.591435217208975,84.55882352941175
2010-04-23,2010-Q2,28.293089806246794,83.67647058823529
2010-04-26,2010-Q2,27.64667474916207,81.76470588235294
2010-04-27,2010-Q2,27.696398984322432,81.91176470588235
2010-04-28,2010-Q2,27.09970816239807,80.1470588235294
2010-04-29,2010-Q2,27.199156632718797,80.44117647058823
2010-04-30,2010-Q2,27.596950514001698,81.61764705882352
2010-05-03,2010-Q2,27.34832933819988,80.88235294117646
2010-05-04,2010-Q2,27.049983927237694,79.99999999999999
2010-05-05,2010-Q2,26.65219004595479,78.8235294117647
2010-05-06,2010-Q2,26.503017340473694,78.38235294117646
2010-05-07,2010-Q2,25.508532637266423,75.44117647058823
2010-05-10,2010-Q2,25.956050753709697,76.76470588235294
2010-05-11,2010-Q2,26.353844634992605,77.94117647058823
2010-05-12,2010-Q2,26.00577498887006,76.91176470588235
2010-05-13,2010-Q2,25.806878048228608,76.3235294117647
2010-05-14,2010-Q2,25.508532637266427,75.44117647058823
2010-05-17,2010-Q2,24.712944874700618,73.08823529411765
2010-05-18,2010-Q2,25.160462991143888,74.41176470588235
2010-05-19,2010-Q2,24.215702523096983,71.61764705882352
2010-05-20,2010-Q2,23.668735936332986,70.0
2010-05-21,2010-Q2,22.72397546828608,67.20588235294117
2010-05-24,2010-Q2,23.768184406653713,70.29411764705881
2010-05-25,2010-Q2,22.425630057323904,66.32352941176471
2010-05-26,2010-Q2,22.873148173767174,67.6470588235294
2010-05-27,2010-Q2,23.121769349568993,68.38235294117646
2010-05-28,2010-Q2,23.469838995691536,69.41176470588235
2010-05-31,2010-Q2,23.66873593633299,70.0
2010-06-01,2010-Q2,23.768184406653717,
2010-06-02,2010-Q2,23.718460171493355,
2010-06-03,2010-Q2,23.81790864181408,
2010-06-04,2010-Q2,23.370390525370805,
2010-06-07,2010-Q2,23.270942055050078,
2010-06-08,2010-Q2,23.12176934956899,
2010-06-09,2010-Q2,22.87314817376717,
2010-06-10,2010-Q2,22.57480276280499,
2010-06-11,2010-Q2,23.420114760531167,
2010-06-14,2010-Q2,23.469838995691532,
2010-06-15,2010-Q2,23.569287466012256,
2010-06-16,2010-Q2,23.469838995691532,
2010-06-17,2010-Q2,23.619011701172617,
2010-06-18,2010-Q2,22.873148173767166,
2010-06-21,2010-Q2,22.674251233125712,
2010-06-22,2010-Q2,21.63004229475808,
2010-06-23,2010-Q2,25.757153813068246,
2010-06-24,2010-Q2,26.55274157563406,
2010-06-25,2010-Q2,25.458808402106065,
2010-06-28,2010-Q2,23.469838995691532,
2010-06-29,2010-Q2,23.967081347295164,
2010-06-30,2010-Q2,23.768184406653706,
2010-07-01,2010-Q3,23.718460171493344,
2010-07-02,2010-Q3,23.718460171493344,
2010-07-05,2010-Q3,23.619011701172617,
2010-07-06,2010-Q3,23.420114760531163,
2010-07-07,2010-Q3,23.22121781988971,
2010-07-08,2010-Q3,23.619011701172614,
2010-07-09,2010-Q3,23.569287466012252,
2010-07-12,2010-Q3,23.619011701172614,
2010-07-13,2010-Q3,23.469838995691525,
2010-07-14,2010-Q3,23.42011476053116,
2010-07-15,2010-Q3,24.961566050502427,
2010-07-16,2010-Q3,24.016805582455518,
2010-07-19,2010-Q3,24.066529817615884,
2010-07-20,2010-Q3,24.066529817615884,
2010-07-21,2010-Q3,24.016805582455518,
2010-07-22,2010-Q3,24.066529817615884,
2010-07-23,2010-Q3,23.718460171493344,
2010-07-26,2010-Q3,23.46983899569153,
2010-07-27,2010-Q3,23.3703905253708,
2010-07-28,2010-Q3,23.22121781988971,
2010-07-29,2010-Q3,23.121769349568982,
2010-07-30,2010-Q3,22.972596644087893,
2010-08-02,2010-Q3,23.072045114408617,
2010-08-03,2010-Q3,22.624526997965347,
2010-08-04,2010-Q3,22.972596644087897,
2010-08-05,2010-Q3,22.972596644087897,
2010-08-06,2010-Q3,22.92287240892753,
2010-08-09,2010-Q3,22.77369970344644,
2010-08-10,2010-Q3,22.674251233125712,
2010-08-11,2010-Q3,22.475354292484262,
2010-08-12,2010-Q3,22.12728464636172,
2010-08-13,2010-Q3,21.679766529918446,
2010-08-16,2010-Q3,21.480869589276992,
2010-08-17,2010-Q3,21.480869589276992,
2010-08-18,2010-Q3,21.779215000239173,
2010-08-19,2010-Q3,21.92838770572026,
2010-08-20,2010-Q3,21.580318059597715,
2010-08-23,2010-Q3,21.38142111895626,
2010-08-24,2010-Q3,21.182524178314807,
2010-08-25,2010-Q3,21.033351472833715,
2010-08-26,2010-Q3,20.93390300251299,
2010-08-27,2010-Q3,20.884178767352626,
2010-08-30,2010-Q3,20.735006061871537,
2010-08-31,2010-Q3,19.49190018286245,
2010-09-01,2010-Q3,20.088591004786814,168.33333333333334
2010-09-02,2010-Q3,19.839969828984994,166.25
2010-09-03,2010-Q3,19.93941829930572,167.08333333333334
2010-09-06,2010-Q3,23.92730195916687,
2010-09-07,2010-Q3,23.03375126359632,193.3333333333333
2010-09-08,2010-Q3,22.785542737048946,191.25
2010-09-09,2010-Q3,23.281959790143695,195.41666666666663
2010-09-10,2010-Q3,23.281959790143695,195.41666666666663
2010-09-13,2010-Q3,22.686259326429997,190.41666666666669
2010-09-14,2010-Q3,22.0905588627163,185.41666666666669
2010-09-15,2010-Q3,21.643783514931027,181.66666666666669
2010-09-16,2010-Q3,21.544500104312075,180.8333333333333
2010-09-17,2010-Q3,21.594141809621547,181.25
2010-09-20,2010-Q3,22.38840909457314,187.91666666666669
2010-09-21,2010-Q3,21.743066925549968,182.5
2010-09-22,2010-Q3,21.693425220240496,182.0833333333333
2010-09-23,2010-Q3,21.842350336168916,183.3333333333333
2010-09-24,2010-Q3,21.79270863085944,182.91666666666663
2010-09-27,2010-Q3,21.79270863085944,182.91666666666663
2010-09-28,2010-Q3,21.891992041478392,183.75
2010-09-29,2010-Q3,20.502024292813093,172.08333333333331
2010-09-30,2010-Q3,20.650949408741518,173.33333333333334
2010-10-01,2010-Q4,21.048083051217315,176.66666666666666
2010-10-04,2010-Q4,20.700591114050994,173.75000000000003
2010-10-05,2010-Q4,20.799874524669946,174.58333333333334
2010-10-06,2010-Q4,20.899157935288898,175.41666666666669
2010-10-07,2010-Q4,20.60130770343205,172.91666666666669
2010-10-08,2010-Q4,20.551665998122573,172.5
2010-10-11,2010-Q4,20.700591114050997,173.75000000000003
2010-10-12,2010-Q4,21.197008167145746,177.91666666666669
2010-10-13,2010-Q4,22.189842273335245,186.25000000000003
2010-10-14,2010-Q4,21.991275452097344,184.5833333333333
2010-10-15,2010-Q4,21.445216693693123,180.00000000000003
2010-10-18,2010-Q4,21.147366461836274,177.5
2010-10-19,2010-Q4,20.502024292813097,172.08333333333331
2010-10-20,2010-Q4,19.95596553440888,167.50000000000003
2010-10-21,2010-Q4,19.856682123789927,166.66666666666669
2010-10-22,2010-Q4,19.9063238290994,167.08333333333334
2010-10-25,2010-Q4,19.707757007861503,165.41666666666669
2010-10-26,2010-Q4,19.80704041848045,166.25
2010-10-27,2010-Q4,19.60847359724255,164.58333333333334
2010-10-28,2010-Q4,19.60847359724255,164.58333333333334
2010-10-29,2010-Q4,19.459548481314126,163.33333333333334
2010-11-01,2010-Q4,19.5091901866236,163.75
2010-11-02,2010-Q4,19.360265070695178,162.5
2010-11-03,2010-Q4,19.260981660076222,161.66666666666666
2010-11-04,2010-Q4,19.260981660076222,161.66666666666666
2010-11-05,2010-Q4,19.01277313352885,159.58333333333331
2010-11-08,2010-Q4,19.21133995476675,161.25000000000003
2010-11-09,2010-Q4,19.757398713170968,165.83333333333331
2010-11-10,2010-Q4,20.055248945027813,168.33333333333334
2010-11-11,2010-Q4,19.707757007861495,165.41666666666669
2010-11-12,2010-Q4,19.955965534408868,167.50000000000003
2010-11-15,2010-Q4,19.80704041848044,166.25
2010-11-16,2010-Q4,19.06241483883832,160.0
2010-11-17,2010-Q4,19.06241483883832,160.0
2010-11-18,2010-Q4,18.714922901671997,157.08333333333334
2010-11-19,2010-Q4,17.871013911410927,150.0
2010-11-22,2010-Q4,18.019939027339348,151.25
2010-11-23,2010-Q4,17.871013911410927,150.0
2010-11-24,2010-Q4,17.672447090173026,148.33333333333334
2010-11-25,2010-Q4,16.97746321584038,142.50000000000003
2010-11-26,2010-Q4,15.984629109650884,134.16666666666669
2010-11-29,2010-Q4,15.786062288412985,132.5
2010-11-30,2010-Q4,16.927821510530908,142.08333333333334
2010-12-01,2010-Q4,18.069580732648827,95.78947368421052
2010-12-02,2010-Q4,17.871013911410927,94.73684210526316
2010-12-03,2010-Q4,17.573163679554074,93.1578947368421
2010-12-06,2010-Q4,14.098244307890843,74.73684210526315
2010-12-07,2010-Q4,14.197527718509793,75.26315789473685
2010-12-08,2010-Q4,14.048602602581367,74.47368421052632
2010-12-09,2010-Q4,11.566517337107625,61.31578947368421
2010-12-10,2010-Q4,12.608993148606595,66.84210526315789
2010-12-13,2010-Q4,12.906843380463442,68.42105263157895
2010-12-14,2010-Q4,13.452902138867668,71.31578947368422
2010-12-15,2010-Q4,13.60182725479609,72.10526315789473
2010-12-16,2010-Q4,13.303977022939241,70.52631578947368
2010-12-17,2010-Q4,13.303977022939241,70.52631578947368
2010-12-20,2010-Q4,13.00612679108239,68.94736842105263
2010-12-21,2010-Q4,13.204693612320291,70.0
2010-12-22,2010-Q4,13.353618728248714,70.78947368421052
2010-12-23,2010-Q4,12.956485085772918,68.6842105263158
2010-12-24,2010-Q4,13.155051907010815,69.73684210526315
2010-12-27,2010-Q4,13.204693612320288,70.0
2010-12-28,2010-Q4,13.055768496391865,69.21052631578948
2010-12-29,2010-Q4,13.155051907010815,69.73684210526315
2010-12-30,2010-Q4,13.204693612320288,70.0
2010-12-31,2010-Q4,13.45290213886766,71.31578947368422
2011-01-03,2011-Q1,13.45290213886766,71.31578947368422
2011-01-04,2011-Q1,13.502543844177135,71.57894736842105
2011-01-05,2011-Q1,13.651468960105557,72.36842105263158
2011-01-06,2011-Q1,13.204693612320286,70.0
2011-01-07,2011-Q1,12.31114291674974,65.26315789473685
2011-01-10,2011-Q1,11.91400927427394,63.1578947368421
2011-01-11,2011-Q1,12.112576095511837,64.21052631578947
2011-01-12,2011-Q1,12.21185950613079,64.73684210526316
2011-01-13,2011-Q1,12.21185950613079,64.73684210526316
2011-01-14,2011-Q1,12.162217800821313,64.47368421052632
2011-01-17,2011-Q1,11.765084158345514,62.368421052631575
2011-01-18,2011-Q1,11.963650979583415,63.42105263157895
2011-01-19,2011-Q1,11.71544245303604,62.10526315789474
2011-01-20,2011-Q1,11.765084158345514,62.368421052631575
2011-01-21,2011-Q1,11.665800747726566,61.8421052631579
2011-01-24,2011-Q1,11.566517337107616,61.31578947368421
2011-01-25,2011-Q1,11.020458578703392,58.42105263157895
2011-01-26,2011-Q1,11.020458578703392,58.42105263157895
2011-01-27,2011-Q1,11.417592221179191,60.526315789473685
2011-01-28,2011-Q1,10.424758114989697,55.26315789473684
2011-01-31,2011-Q1,10.325474704370748,54.73684210526316
2011-02-01,2011-Q1,10.67296664153707,56.578947368421055
2011-02-02,2011-Q1,10.871533462774968,57.63157894736842
2011-02-03,2011-Q1,9.134073776943351,48.42105263157895
2011-02-04,2011-Q1,8.538373313229656,45.26315789473684
2011-02-07,2011-Q1,8.041956260134906,42.63157894736842
2011-02-08,2011-Q1,8.985148661014927,47.631578947368425
2011-02-09,2011-Q1,8.58801501853913,45.526315789473685
2011-02-10,2011-Q1,8.190881376063333,43.42105263157895
2011-02-11,2011-Q1,8.439089902610705,44.73684210526316
2011-02-14,2011-Q1,8.985148661014927,47.631578947368425
2011-02-15,2011-Q1,8.985148661014927,47.631578947368425
2011-02-16,2011-Q1,9.233357187562302,48.94736842105264
2011-02-17,2011-Q1,9.630490830038095,51.05263157894736
2011-02-18,2011-Q1,9.481565714109674,50.26315789473684
2011-02-21,2011-Q1,9.282998892871774,49.21052631578947
2011-02-22,2011-Q1,9.084432071633875,48.15789473684211
2011-02-23,2011-Q1,9.0347903663244,47.89473684210526
2011-02-24,2011-Q1,8.885865250395975,47.10526315789473
2011-02-25,2011-Q1,8.8362235450865,46.8421052631579
2011-02-28,2011-Q1,8.8362235450865,46.8421052631579
2011-03-01,2011-Q1,8.935506955705451,56.25
2011-03-02,2011-Q1,8.935506955705451,56.25
2011-03-03,2011-Q1,8.836223545086503,55.625
2011-03-04,2011-Q1,8.935506955705453,56.25
2011-03-07,2011-Q1,8.836223545086504,55.625
2011-03-08,2011-Q1,8.935506955705455,56.25
2011-03-09,2011-Q1,8.885865250395979,55.93749999999999
2011-03-10,2011-Q1,9.034790366324405,56.875
2011-03-11,2011-Q1,8.935506955705456,56.25
2011-03-14,2011-Q1,8.88586525039598,55.93749999999999
2011-03-15,2011-Q1,8.687298429158082,54.6875
2011-03-16,2011-Q1,8.687298429158082,54.6875
2011-03-17,2011-Q1,8.588015018539133,54.0625
2011-03-18,2011-Q1,8.538373313229659,53.75
2011-03-21,2011-Q1,8.88586525039598,55.93749999999999
2011-03-22,2011-Q1,8.88586525039598,55.93749999999999
2011-03-23,2011-Q1,8.78658183977703,55.3125
2011-03-24,2011-Q1,8.736940134467558,55.0
2011-03-25,2011-Q1,8.88586525039598,55.93749999999999
2011-03-28,2011-Q1,8.637656723848606,54.37499999999999
2011-03-29,2011-Q1,8.588015018539133,54.0625
2011-03-30,2011-Q1,8.439089902610707,53.125
2011-03-31,2011-Q1,8.488731607920183,53.4375
2011-04-01,2011-Q2,8.488731607920183,53.4375
2011-04-04,2011-Q2,8.488731607920183,53.4375
2011-04-05,2011-Q2,8.488731607920183,53.4375
2011-04-06,2011-Q2,8.488731607920183,53.4375
2011-04-07,2011-Q2,8.488731607920183,53.4375
2011-04-08,2011-Q2,8.488731607920183,53.4375
2011-04-11,2011-Q2,8.488731607920183,53.4375
2011-04-12,2011-Q2,8.488731607920183,53.4375
2011-04-13,2011-Q2,8.488731607920183,53.4375
2011-04-14,2011-Q2,8.488731607920183,53.4375
2011-04-15,2011-Q2,8.488731607920183,53.4375
2011-04-18,2011-Q2,8.488731607920183,53.4375
2011-04-19,2011-Q2,8.488731607920183,53.4375
2011-04-20,2011-Q2,8.488731607920183,53.4375
2011-04-21,2011-Q2,8.488731607920183,53.4375
2011-04-22,2011-Q2,8.488731607920183,53.4375
2011-04-25,2011-Q2,8.488731607920183,53.4375
2011-04-26,2011-Q2,8.488731607920183,53.4375
2011-04-27,2011-Q2,8.488731607920183,53.4375
2011-04-28,2011-Q2,8.488731607920183,53.4375
2011-04-29,2011-Q2,8.488731607920183,53.4375
2011-05-02,2011-Q2,8.488731607920183,53.4375
2011-05-03,2011-Q2,8.488731607920183,53.4375
2011-05-04,2011-Q2,8.488731607920183,53.4375
2011-05-05,2011-Q2,8.488731607920183,53.4375
2011-05-06,2011-Q2,8.488731607920183,53.4375
2011-05-09,2011-Q2,8.488731607920183,53.4375
2011-05-10,2011-Q2,8.488731607920183,53.4375
2011-05-11,2011-Q2,8.488731607920183,53.4375
2011-05-12,2011-Q2,8.488731607920183,53.4375
2011-05-13,2011-Q2,8.488731607920183,53.4375
2011-05-16,2011-Q2,8.488731607920183,53.4375
2011-05-17,2011-Q2,8.488731607920183,53.4375
2011-05-18,2011-Q2,8.488731607920183,53.4375
2011-05-19,2011-Q2,8.488731607920183,53.4375
2011-05-20,2011-Q2,8.488731607920183,53.4375
2011-05-23,2011-Q2,8.488731607920183,53.4375
2011-05-24,2011-Q2,8.488731607920183,53.4375
2011-05-25,2011-Q2,8.488731607920183,53.4375
2011-05-26,2011-Q2,8.488731607920183,53.4375
2011-05-27,2011-Q2,8.488731607920183,53.4375
2011-05-30,2011-Q2,8.488731607920183,53.4375
2011-05-31,2011-Q2,8.488731607920183,53.4375
2011-06-01,2011-Q2,8.488731607920183,17.448979591836736
2011-06-02,2011-Q2,8.488731607920183,17.448979591836736
2011-06-03,2011-Q2,8.488731607920183,17.448979591836736
2011-06-06,2011-Q2,8.488731607920183,17.448979591836736
2011-06-07,2011-Q2,8.488731607920183,17.448979591836736
2011-06-08,2011-Q2,8.488731607920183,17.448979591836736
2011-06-09,2011-Q2,8.488731607920183,17.448979591836736
2011-06-10,2011-Q2,8.488731607920183,17.448979591836736
2011-06-13,2011-Q2,8.488731607920183,17.448979591836736
2011-06-14,2011-Q2,8.488731607920183,17.448979591836736
2011-06-15,2011-Q2,8.488731607920183,17.448979591836736
2011-06-16,2011-Q2,8.488731607920183,17.448979591836736
2011-06-17,2011-Q2,8.488731607920183,17.448979591836736
2011-06-20,2011-Q2,8.488731607920183,17.448979591836736
2011-06-21,2011-Q2,8.488731607920183,17.448979591836736
2011-06-22,2011-Q2,8.488731607920183,17.448979591836736
2011-06-23,2011-Q2,8.488731607920183,17.448979591836736
2011-06-24,2011-Q2,8.488731607920183,17.448979591836736
2011-06-27,2011-Q2,8.488731607920183,17.448979591836736
2011-06-28,2011-Q2,8.488731607920183,17.448979591836736
2011-06-29,2011-Q2,8.488731607920183,17.448979591836736
2011-06-30,2011-Q2,8.488731607920183,17.448979591836736
2011-07-01,2011-Q3,7.446255796421212,15.306122448979592
2011-07-04,2011-Q3,7.446255796421212,15.306122448979592
2011-07-05,2011-Q3,7.64482261765911,15.714285714285715
2011-07-06,2011-Q3,7.396614091111737,15.20408163265306
2011-07-07,2011-Q3,7.396614091111737,15.20408163265306
2011-07-08,2011-Q3,7.396614091111737,15.20408163265306
2011-07-11,2011-Q3,7.396614091111737,15.20408163265306
2011-07-12,2011-Q3,7.198047269873838,14.79591836734694
2011-07-13,2011-Q3,7.247688975183312,14.89795918367347
2011-07-14,2011-Q3,7.198047269873838,14.79591836734694
2011-07-15,2011-Q3,7.297330680492787,15.0
2011-07-18,2011-Q3,7.198047269873839,14.79591836734694
2011-07-19,2011-Q3,7.247688975183314,14.89795918367347
2011-07-20,2011-Q3,7.247688975183314,14.89795918367347
2011-07-21,2011-Q3,7.297330680492789,15.0
2011-07-22,2011-Q3,7.148405564564365,14.693877551020408
2011-07-25,2011-Q3,7.049122153945415,14.489795918367346
2011-07-26,2011-Q3,6.999480448635941,14.387755102040815
2011-07-27,2011-Q3,7.049122153945414,14.489795918367346
2011-07-28,2011-Q3,6.7512719220885655,13.877551020408164
2011-07-29,2011-Q3,6.701630216779091,13.775510204081632
2011-08-01,2011-Q3,6.651988511469616,13.673469387755103
2011-08-02,2011-Q3,6.7016302167790895,13.775510204081632
2011-08-03,2011-Q3,6.453421690231716,13.26530612244898
2011-08-04,2011-Q3,6.3044965743032915,12.959183673469386
2011-08-05,2011-Q3,6.006646342446443,12.346938775510203
2011-08-08,2011-Q3,6.056288047755917,12.448979591836734
2011-08-09,2011-Q3,5.758437815899069,11.83673469387755
2011-08-10,2011-Q3,6.155571458374867,12.653061224489797
2011-08-11,2011-Q3,6.254854868993816,12.857142857142858
2011-08-12,2011-Q3,6.105929753065393,12.551020408163266
2011-08-15,2011-Q3,6.105929753065393,12.551020408163266
2011-08-16,2011-Q3,5.808079521208544,11.93877551020408
2011-08-17,2011-Q3,5.708796110589595,11.73469387755102
2011-08-18,2011-Q3,5.708796110589595,11.73469387755102
2011-08-19,2011-Q3,5.410945878732746,11.122448979591836
2011-08-22,2011-Q3,5.510229289351695,11.326530612244898
2011-08-23,2011-Q3,5.857721226518018,12.040816326530614
2011-08-24,2011-Q3,6.354138279612766,13.06122448979592
2011-08-25,2011-Q3,6.205213163684341,12.755102040816327
2011-08-26,2011-Q3,6.105929753065393,12.551020408163266
2011-08-29,2011-Q3,6.354138279612766,13.06122448979592
2011-08-30,2011-Q3,6.354138279612766,13.06122448979592
2011-08-31,2011-Q3,6.354138279612766,13.06122448979592
2011-09-01,2011-Q3,6.354138279612766,45.71428571428572
2011-09-02,2011-Q3,6.354138279612766,45.71428571428572
2011-09-05,2011-Q3,6.30449657430329,45.35714285714285
2011-09-06,2011-Q3,6.9994804486359365,50.35714285714285
2011-09-07,2011-Q3,7.04912215394541,50.71428571428571
2011-09-08,2011-Q3,7.098763859254885,51.07142857142857
2011-09-09,2011-Q3,6.94983874332646,49.99999999999999
2011-09-12,2011-Q3,7.992314554825429,57.5
2011-09-13,2011-Q3,8.93550695570545,64.28571428571428
2011-09-14,2011-Q3,9.034790366324398,64.99999999999999
2011-09-15,2011-Q3,9.28299889287177,66.78571428571428
2011-09-16,2011-Q3,8.885865250395971,63.928571428571416
2011-09-19,2011-Q3,9.233357187562296,66.42857142857143
2011-09-20,2011-Q3,9.034790366324398,64.99999999999999
2011-09-21,2011-Q3,9.034790366324398,64.99999999999999
2011-09-22,2011-Q3,8.588015018539126,61.785714285714285
2011-09-23,2011-Q3,7.992314554825429,57.5
2011-09-26,2011-Q3,7.694464322968581,55.35714285714285
2011-09-27,2011-Q3,7.346972385802258,52.85714285714285
2011-09-28,2011-Q3,7.297330680492783,52.49999999999999
2011-09-29,2011-Q3,7.495897501730683,53.92857142857142
2011-09-30,2011-Q3,7.3469723858022595,52.85714285714285
2011-10-03,2011-Q4,7.3469723858022595,52.85714285714285
2011-10-04,2011-Q4,7.3469723858022595,52.85714285714285
2011-10-05,2011-Q4,7.3469723858022595,52.85714285714285
2011-10-06,2011-Q4,7.3469723858022595,52.85714285714285
2011-10-07,2011-Q4,7.3469723858022595,52.85714285714285
2011-10-10,2011-Q4,7.3469723858022595,52.85714285714285
2011-10-11,2011-Q4,7.3469723858022595,52.85714285714285
2011-10-12,2011-Q4,7.3469723858022595,52.85714285714285
2011-10-13,2011-Q4,7.3469723858022595,52.85714285714285
2011-10-14,2011-Q4,7.3469723858022595,52.85714285714285
2011-10-17,2011-Q4,7.3469723858022595,52.85714285714285
2011-10-18,2011-Q4,7.3469723858022595,52.85714285714285
2011-10-19,2011-Q4,7.3469723858022595,52.85714285714285
2011-10-20,2011-Q4,7.3469723858022595,52.85714285714285
2011-10-21,2011-Q4,7.3469723858022595,52.85714285714285
2011-10-24,2011-Q4,7.3469723858022595,52.85714285714285
2011-10-25,2011-Q4,7.3469723858022595,52.85714285714285
2011-10-26,2011-Q4,7.3469723858022595,52.85714285714285
2011-10-27,2011-Q4,7.3469723858022595,52.85714285714285
2011-10-28,2011-Q4,7.3469723858022595,52.85714285714285
2011-10-31,2011-Q4,7.3469723858022595,52.85714285714285
2011-11-01,2011-Q4,7.3469723858022595,52.85714285714285
2011-11-02,2011-Q4,7.3469723858022595,52.85714285714285
2011-11-03,2011-Q4,7.3469723858022595,52.85714285714285
2011-11-04,2011-Q4,7.3469723858022595,52.85714285714285
2011-11-07,2011-Q4,7.3469723858022595,52.85714285714285
2011-11-08,2011-Q4,7.3469723858022595,52.85714285714285
2011-11-09,2011-Q4,7.3469723858022595,52.85714285714285
2011-11-10,2011-Q4,7.3469723858022595,52.85714285714285
2011-11-11,2011-Q4,7.3469723858022595,52.85714285714285
2011-11-14,2011-Q4,7.3469723858022595,52.85714285714285
2011-11-15,2011-Q4,7.3469723858022595,52.85714285714285
2011-11-16,2011-Q4,7.3469723858022595,52.85714285714285
2011-11-17,2011-Q4,7.3469723858022595,52.85714285714285
2011-11-18,2011-Q4,7.3469723858022595,52.85714285714285
2011-11-21,2011-Q4,7.3469723858022595,52.85714285714285
2011-11-22,2011-Q4,7.3469723858022595,52.85714285714285
2011-11-23,2011-Q4,7.3469723858022595,52.85714285714285
2011-11-24,2011-Q4,7.3469723858022595,52.85714285714285
2011-11-25,2011-Q4,7.3469723858022595,52.85714285714285
2011-11-28,2011-Q4,7.3469723858022595,52.85714285714285
2011-11-29,2011-Q4,7.3469723858022595,52.85714285714285
2011-11-30,2011-Q4,7.3469723858022595,52.85714285714285
2011-12-01,2011-Q4,7.3469723858022595,46.25
2011-12-02,2011-Q4,7.3469723858022595,46.25
2011-12-05,2011-Q4,7.3469723858022595,46.25
2011-12-06,2011-Q4,7.3469723858022595,46.25
2011-12-07,2011-Q4,7.3469723858022595,46.25
2011-12-08,2011-Q4,7.3469723858022595,46.25
2011-12-09,2011-Q4,7.3469723858022595,46.25
2011-12-12,2011-Q4,7.3469723858022595,46.25
2011-12-13,2011-Q4,7.3469723858022595,46.25
2011-12-14,2011-Q4,7.3469723858022595,46.25
2011-12-15,2011-Q4,7.3469723858022595,46.25
2011-12-16,2011-Q4,7.3469723858022595,46.25
2011-12-19,2011-Q4,7.3469723858022595,46.25
2011-12-20,2011-Q4,7.3469723858022595,46.25
2011-12-21,2011-Q4,7.3469723858022595,46.25
2011-12-22,2011-Q4,7.3469723858022595,46.25
2011-12-23,2011-Q4,7.3469723858022595,46.25
2011-12-26,2011-Q4,7.3469723858022595,46.25
2011-12-27,2011-Q4,7.3469723858022595,46.25
2011-12-28,2011-Q4,7.3469723858022595,46.25
2011-12-29,2011-Q4,7.3469723858022595,46.25
2011-12-30,2011-Q4,7.3469723858022595,46.25
2012-01-02,2012-Q1,6.354138279612765,40.0
2012-01-03,2012-Q1,6.453421690231714,40.625
2012-01-04,2012-Q1,6.354138279612765,40.0
2012-01-05,2012-Q1,6.701630216779088,42.1875
2012-01-06,2012-Q1,6.751271922088562,42.5
2012-01-07,2012-Q1,7.04912215394541,44.375
2012-01-09,2012-Q1,6.751271922088562,42.5
2012-01-10,2012-Q1,7.198047269873834,45.3125
2012-01-11,2012-Q1,6.999480448635935,44.0625
2012-01-12,2012-Q1,6.850555332707511,43.125
2012-01-13,2012-Q1,6.900197038016986,43.4375
2012-01-16,2012-Q1,7.3469723858022595,46.25
2012-01-17,2012-Q1,7.644822617659107,48.125
2012-01-18,2012-Q1,7.098763859254886,44.6875
2012-01-19,2012-Q1,7.396614091111735,46.5625
2012-01-20,2012-Q1,7.198047269873834,45.3125
2012-01-23,2012-Q1,7.198047269873834,45.3125
2012-01-24,2012-Q1,7.3469723858022595,46.25
2012-01-25,2012-Q1,7.148405564564359,45.0
2012-01-26,2012-Q1,7.148405564564359,45.0
2012-01-27,2012-Q1,7.098763859254885,44.6875
2012-01-30,2012-Q1,7.396614091111733,46.5625
2012-01-31,2012-Q1,7.247688975183308,45.625
2012-02-01,2012-Q1,7.396614091111733,46.5625
2012-02-02,2012-Q1,7.04912215394541,44.375
2012-02-03,2012-Q1,7.396614091111735,46.5625
2012-02-06,2012-Q1,7.247688975183309,45.625
2012-02-07,2012-Q1,6.9994804486359365,44.0625
2012-02-08,2012-Q1,6.9498387433264615,43.75
2012-02-09,2012-Q1,7.098763859254886,44.6875
2012-02-10,2012-Q1,6.9994804486359365,44.0625
2012-02-13,2012-Q1,6.9994804486359365,44.0625
2012-02-14,2012-Q1,7.297330680492784,45.9375
2012-02-15,2012-Q1,7.098763859254886,44.6875
2012-02-16,2012-Q1,7.198047269873836,45.3125
2012-02-17,2012-Q1,7.34697238580226,46.25
2012-02-20,2012-Q1,7.34697238580226,46.25
2012-02-21,2012-Q1,7.893031144206484,49.6875
2012-02-22,2012-Q1,7.495897501730686,47.1875
2012-02-23,2012-Q1,7.7441060282780585,48.75
2012-02-24,2012-Q1,7.198047269873838,45.3125
2012-02-27,2012-Q1,7.0491221539454125,44.375
2012-02-28,2012-Q1,7.148405564564363,45.0
2012-02-29,2012-Q1,7.098763859254888,44.6875
2012-03-01,2012-Q1,7.148405564564361,13.846153846153848
2012-03-02,2012-Q1,7.049122153945411,13.653846153846152
2012-03-03,2012-Q1,7.198047269873834,13.942307692307692
2012-03-05,2012-Q1,6.999480448635935,13.557692307692308
2012-03-06,2012-Q1,6.800913627398035,13.173076923076922
2012-03-07,2012-Q1,6.94983874332646,13.461538461538462
2012-03-08,2012-Q1,6.94983874332646,13.461538461538462
2012-03-09,2012-Q1,7.049122153945408,13.653846153846152
2012-03-12,2012-Q1,7.049122153945408,13.653846153846152
2012-03-13,2012-Q1,6.999480448635933,13.557692307692308
2012-03-14,2012-Q1,7.049122153945407,13.653846153846152
2012-03-15,2012-Q1,7.049122153945407,13.653846153846152
2012-03-16,2012-Q1,7.098763859254881,13.75
2012-03-19,2012-Q1,6.999480448635932,13.557692307692308
2012-03-20,2012-Q1,7.098763859254881,13.75
2012-03-21,2012-Q1,7.049122153945407,13.653846153846152
2012-03-22,2012-Q1,7.049122153945407,13.653846153846152
2012-03-23,2012-Q1,7.098763859254881,13.75
2012-03-26,2012-Q1,6.999480448635932,13.557692307692308
2012-03-27,2012-Q1,6.949838743326457,13.461538461538462
2012-03-28,2012-Q1,6.4534216902317105,12.5
2012-03-29,2012-Q1,6.503063395541185,12.596153846153843
2012-03-30,2012-Q1,6.8009136273980335,13.173076923076922
2012-04-02,2012-Q2,6.850555332707509,13.26923076923077
2012-04-03,2012-Q2,7.049122153945407,13.653846153846152
2012-04-04,2012-Q2,6.900197038016984,13.365384615384617
2012-04-05,2012-Q2,6.900197038016984,13.365384615384617
2012-04-06,2012-Q2,6.900197038016984,13.365384615384617
2012-04-09,2012-Q2,6.900197038016984,13.365384615384617
2012-04-10,2012-Q2,6.949838743326459,13.461538461538462
2012-04-11,2012-Q2,6.999480448635933,13.557692307692308
2012-04-12,2012-Q2,6.999480448635933,13.557692307692308
2012-04-13,2012-Q2,6.999480448635933,13.557692307692308
2012-04-16,2012-Q2,6.552705100850661,12.692307692307692
2012-04-17,2012-Q2,6.701630216779083,12.98076923076923
2012-04-18,2012-Q2,6.651988511469609,12.884615384615383
2012-04-19,2012-Q2,6.751271922088558,13.076923076923077
2012-04-20,2012-Q2,6.65198851146961,12.884615384615383
2012-04-23,2012-Q2,6.65198851146961,12.884615384615383
2012-04-24,2012-Q2,6.65198851146961,12.884615384615383
2012-04-25,2012-Q2,6.65198851146961,12.884615384615383
2012-04-26,2012-Q2,6.900197038016984,13.365384615384617
2012-04-27,2012-Q2,6.900197038016984,13.365384615384617
2012-04-28,2012-Q2,6.999480448635932,13.557692307692308
2012-04-30,2012-Q2,6.900197038016984,13.365384615384617
2012-05-01,2012-Q2,6.900197038016984,13.365384615384617
2012-05-02,2012-Q2,6.602346806160135,12.788461538461538
2012-05-03,2012-Q2,6.503063395541186,12.596153846153843
2012-05-04,2012-Q2,6.552705100850659,12.692307692307692
2012-05-07,2012-Q2,6.45342169023171,12.5
2012-05-08,2012-Q2,6.403779984922235,12.403846153846152
2012-05-09,2012-Q2,6.4534216902317105,12.5
2012-05-10,2012-Q2,6.701630216779085,12.98076923076923
2012-05-11,2012-Q2,6.403779984922237,12.403846153846152
2012-05-14,2012-Q2,6.453421690231712,12.5
2012-05-15,2012-Q2,6.1555714583748635,11.923076923076923
2012-05-16,2012-Q2,6.006646342446439,11.634615384615383
2012-05-17,2012-Q2,6.503063395541186,12.596153846153843
2012-05-18,2012-Q2,6.155571458374863,11.923076923076923
2012-05-21,2012-Q2,6.155571458374863,11.923076923076923
2012-05-22,2012-Q2,6.006646342446437,11.634615384615383
2012-05-23,2012-Q2,6.056288047755912,11.73076923076923
2012-05-24,2012-Q2,6.1059297530653875,11.826923076923077
2012-05-25,2012-Q2,6.006646342446437,11.634615384615383
2012-05-28,2012-Q2,5.957004637136963,11.538461538461538
2012-05-29,2012-Q2,5.957004637136963,11.538461538461538
2012-05-30,2012-Q2,6.006646342446437,11.634615384615383
2012-05-31,2012-Q2,6.105929753065388,11.826923076923077
2012-06-01,2012-Q2,6.006646342446438,11.203703703703702
2012-06-04,2012-Q2,6.006646342446438,11.203703703703702
2012-06-05,2012-Q2,6.0562880477559125,11.296296296296294
2012-06-06,2012-Q2,6.155571458374862,11.48148148148148
2012-06-07,2012-Q2,6.304496574303286,11.759259259259258
2012-06-08,2012-Q2,6.056288047755912,11.296296296296294
2012-06-11,2012-Q2,5.857721226518014,10.925925925925926
2012-06-12,2012-Q2,6.155571458374861,11.48148148148148
2012-06-13,2012-Q2,6.105929753065386,11.38888888888889
2012-06-14,2012-Q2,6.0066463424464365,11.203703703703702
2012-06-15,2012-Q2,5.957004637136962,11.11111111111111
2012-06-18,2012-Q2,5.957004637136962,11.11111111111111
2012-06-19,2012-Q2,6.4037799849222345,11.944444444444445
2012-06-20,2012-Q2,6.0066463424464365,11.203703703703702
2012-06-21,2012-Q2,5.758437815899064,10.74074074074074
2012-06-22,2012-Q2,5.7087961105895895,10.648148148148149
2012-06-25,2012-Q2,5.758437815899064,10.74074074074074
2012-06-26,2012-Q2,5.60951269997064,10.462962962962964
2012-06-27,2012-Q2,5.808079521208538,10.833333333333332
2012-06-28,2012-Q2,5.708796110589589,10.648148148148149
2012-06-29,2012-Q2,5.659154405280114,10.555555555555555
2012-07-02,2012-Q3,5.758437815899063,10.74074074074074
2012-07-03,2012-Q3,5.957004637136962,11.11111111111111
2012-07-04,2012-Q3,5.907362931827488,11.018518518518515
2012-07-05,2012-Q3,5.907362931827488,11.018518518518515
2012-07-06,2012-Q3,6.35413827961276,11.851851851851851
2012-07-09,2012-Q3,7.595180912349627,14.166666666666666
2012-07-10,2012-Q3,7.545539207040152,14.074074074074073
2012-07-11,2012-Q3,7.346972385802253,13.703703703703704
2012-07-12,2012-Q3,7.843389438897,14.62962962962963
2012-07-13,2012-Q3,7.694464322968576,14.351851851851851
2012-07-16,2012-Q3,7.4462557964212035,13.888888888888888
2012-07-17,2012-Q3,7.0987638592548805,13.24074074074074
2012-07-18,2012-Q3,7.049122153945405,13.148148148148149
2012-07-19,2012-Q3,6.99948044863593,13.055555555555554
2012-07-20,2012-Q3,7.446255796421202,13.888888888888888
2012-07-23,2012-Q3,7.098763859254879,13.24074074074074
2012-07-24,2012-Q3,7.396614091111727,13.796296296296296
2012-07-25,2012-Q3,6.900197038016981,12.87037037037037
2012-07-26,2012-Q3,6.552705100850657,12.22222222222222
2012-07-27,2012-Q3,6.850555332707507,12.777777777777777
2012-07-30,2012-Q3,6.552705100850659,12.22222222222222
2012-07-31,2012-Q3,6.800913627398033,12.685185185185183
2012-08-01,2012-Q3,6.800913627398033,12.685185185185183
2012-08-02,2012-Q3,6.7512719220885575,12.592592592592592
2012-08-03,2012-Q3,6.4037799849222345,11.944444444444445
2012-08-06,2012-Q3,6.45342169023171,12.037037037037036
2012-08-07,2012-Q3,6.45342169023171,12.037037037037036
2012-08-08,2012-Q3,6.552705100850659,12.22222222222222
2012-08-09,2012-Q3,6.602346806160135,12.314814814814817
2012-08-10,2012-Q3,6.4534216902317105,12.037037037037036
2012-08-13,2012-Q3,6.304496574303286,11.759259259259258
2012-08-14,2012-Q3,6.0562880477559125,11.296296296296294
2012-08-15,2012-Q3,6.0562880477559125,11.296296296296294
2012-08-16,2012-Q3,6.105929753065388,11.38888888888889
2012-08-17,2012-Q3,6.304496574303286,11.759259259259258
2012-08-20,2012-Q3,6.304496574303286,11.759259259259258
2012-08-21,2012-Q3,6.0562880477559125,11.296296296296294
2012-08-22,2012-Q3,6.155571458374862,11.48148148148148
2012-08-23,2012-Q3,5.857721226518014,10.925925925925926
2012-08-24,2012-Q3,5.808079521208539,10.833333333333332
2012-08-27,2012-Q3,5.60951269997064,10.462962962962964
2012-08-28,2012-Q3,5.559870994661165,10.370370370370368
2012-08-29,2012-Q3,5.60951269997064,10.462962962962964
2012-08-30,2012-Q3,5.907362931827488,11.018518518518515
2012-08-31,2012-Q3,5.708796110589589,10.648148148148149
2012-09-03,2012-Q3,5.857721226518014,10.925925925925926
2012-09-04,2012-Q3,5.907362931827488,11.018518518518515
2012-09-05,2012-Q3,5.60951269997064,10.462962962962964
2012-09-06,2012-Q3,5.758437815899064,10.74074074074074
2012-09-07,2012-Q3,5.758437815899064,10.74074074074074
2012-09-08,2012-Q3,5.907362931827488,11.018518518518515
2012-09-10,2012-Q3,5.808079521208539,10.833333333333332
2012-09-11,2012-Q3,5.758437815899065,10.74074074074074
2012-09-12,2012-Q3,5.808079521208539,10.833333333333332
2012-09-13,2012-Q3,5.957004637136963,11.11111111111111
2012-09-14,2012-Q3,5.907362931827489,11.018518518518515
2012-09-17,2012-Q3,6.006646342446438,11.203703703703702
2012-09-18,2012-Q3,5.80807952120854,10.833333333333332
2012-09-19,2012-Q3,5.80807952120854,10.833333333333332
2012-09-20,2012-Q3,5.7584378158990654,10.74074074074074
2012-09-21,2012-Q3,5.7584378158990654,10.74074074074074
2012-09-24,2012-Q3,5.7584378158990654,10.74074074074074
2012-09-25,2012-Q3,5.7584378158990654,10.74074074074074
2012-09-26,2012-Q3,5.80807952120854,10.833333333333332
2012-09-27,2012-Q3,5.7584378158990654,10.74074074074074
2012-09-28,2012-Q3,5.7584378158990654,10.74074074074074
2012-10-01,2012-Q4,5.80807952120854,10.833333333333332
2012-10-02,2012-Q4,5.80807952120854,10.833333333333332
2012-10-03,2012-Q4,5.7584378158990654,10.74074074074074
2012-10-04,2012-Q4,5.857721226518016,10.925925925925926
2012-10-05,2012-Q4,5.907362931827491,11.018518518518515
2012-10-08,2012-Q4,5.8080795212085405,10.833333333333332
2012-10-09,2012-Q4,5.8080795212085405,10.833333333333332
2012-10-10,2012-Q4,5.758437815899066,10.74074074074074
2012-10-11,2012-Q4,5.857721226518017,10.925925925925926
2012-10-12,2012-Q4,5.9073629318274925,11.018518518518515
2012-10-15,2012-Q4,6.056288047755915,11.296296296296294
2012-10-16,2012-Q4,5.957004637136967,11.11111111111111
2012-10-17,2012-Q4,5.808079521208542,10.833333333333332
2012-10-18,2012-Q4,5.808079521208542,10.833333333333332
2012-10-19,2012-Q4,5.808079521208542,10.833333333333332
2012-10-22,2012-Q4,5.808079521208542,10.833333333333332
2012-10-23,2012-Q4,6.056288047755916,11.296296296296294
2012-10-24,2012-Q4,6.056288047755916,11.296296296296294
2012-10-25,2012-Q4,5.857721226518018,10.925925925925926
2012-10-26,2012-Q4,5.808079521208543,10.833333333333332
2012-10-29,2012-Q4,5.808079521208543,10.833333333333332
2012-10-30,2012-Q4,5.758437815899069,10.74074074074074
2012-10-31,2012-Q4,5.808079521208543,10.833333333333332
2012-11-01,2012-Q4,5.758437815899069,10.74074074074074
2012-11-02,2012-Q4,5.857721226518019,10.925925925925926
2012-11-05,2012-Q4,5.907362931827494,11.018518518518515
2012-11-06,2012-Q4,5.808079521208544,10.833333333333332
2012-11-07,2012-Q4,5.808079521208544,10.833333333333332
2012-11-08,2012-Q4,6.056288047755919,11.296296296296294
2012-11-09,2012-Q4,5.808079521208544,10.833333333333332
2012-11-12,2012-Q4,6.0066463424464445,11.203703703703702
2012-11-13,2012-Q4,6.105929753065395,11.38888888888889
2012-11-14,2012-Q4,6.105929753065395,11.38888888888889
2012-11-15,2012-Q4,5.758437815899071,10.74074074074074
2012-11-16,2012-Q4,5.708796110589597,10.648148148148149
2012-11-19,2012-Q4,5.808079521208546,10.833333333333332
2012-11-20,2012-Q4,5.708796110589597,10.648148148148149
2012-11-21,2012-Q4,5.808079521208546,10.833333333333332
2012-11-22,2012-Q4,5.758437815899071,10.74074074074074
2012-11-23,2012-Q4,5.708796110589597,10.648148148148149
2012-11-26,2012-Q4,5.708796110589597,10.648148148148149
2012-11-27,2012-Q4,5.708796110589597,10.648148148148149
2012-11-28,2012-Q4,5.708796110589597,10.648148148148149
2012-11-29,2012-Q4,5.659154405280122,10.555555555555555
2012-11-30,2012-Q4,5.758437815899071,10.74074074074074
2012-12-03,2012-Q4,5.758437815899071,10.74074074074074
2012-12-04,2012-Q4,5.907362931827496,11.018518518518515
2012-12-05,2012-Q4,6.354138279612768,11.851851851851851
2012-12-06,2012-Q4,7.595180912349637,14.166666666666666
2012-12-07,2012-Q4,9.084432071633879,16.944444444444443
2012-12-10,2012-Q4,9.382282303490726,17.499999999999996
2012-12-11,2012-Q4,8.885865250395979,16.574074074074073
2012-12-12,2012-Q4,8.786581839777028,16.388888888888886
2012-12-13,2012-Q4,8.38944819730123,15.648148148148143
2012-12-14,2012-Q4,7.893031144206484,14.72222222222222
2012-12-17,2012-Q4,7.346972385802262,13.703703703703704
2012-12-18,2012-Q4,7.694464322968583,14.351851851851851
2012-12-19,2012-Q4,8.041956260134906,14.999999999999998
2012-12-20,2012-Q4,7.843389438897009,14.62962962962963
2012-12-21,2012-Q4,7.545539207040159,14.074074074074073
2012-12-24,2012-Q4,7.3966140911117355,13.796296296296296
2012-12-25,2012-Q4,7.3966140911117355,13.796296296296296
2012-12-26,2012-Q4,7.148405564564363,13.333333333333332
2012-12-27,2012-Q4,6.900197038016989,12.87037037037037
2012-12-28,2012-Q4,6.751271922088565,12.592592592592592
2012-12-31,2012-Q4,6.999480448635939,13.055555555555554
2013-01-01,2013-Q1,7.148405564564364,13.333333333333332
2013-01-02,2013-Q1,7.247688975183314,13.518518518518515
2013-01-03,2013-Q1,7.297330680492789,13.611111111111107
2013-01-04,2013-Q1,7.5455392070401635,14.074074074074073
2013-01-07,2013-Q1,7.446255796421215,13.888888888888888
2013-01-08,2013-Q1,7.39661409111174,13.796296296296296
2013-01-09,2013-Q1,7.148405564564367,13.333333333333332
2013-01-10,2013-Q1,7.198047269873841,13.425925925925926
2013-01-11,2013-Q1,7.148405564564367,13.333333333333332
2013-01-14,2013-Q1,6.999480448635942,13.055555555555554
2013-01-15,2013-Q1,6.999480448635942,13.055555555555554
2013-01-16,2013-Q1,6.999480448635942,13.055555555555554
2013-01-17,2013-Q1,6.949838743326467,12.962962962962962
2013-01-18,2013-Q1,6.8505553327075175,12.777777777777777
2013-01-21,2013-Q1,7.247688975183314,13.518518518518515
2013-01-22,2013-Q1,7.148405564564365,13.333333333333332
2013-01-23,2013-Q1,6.900197038016993,12.87037037037037
2013-01-24,2013-Q1,6.999480448635941,13.055555555555554
2013-01-25,2013-Q1,6.900197038016993,12.87037037037037
2013-01-28,2013-Q1,6.949838743326467,12.962962962962962
2013-01-29,2013-Q1,6.949838743326467,12.962962962962962
2013-01-30,2013-Q1,6.900197038016993,12.87037037037037
2013-01-31,2013-Q1,6.751271922088567,12.592592592592592
2013-02-01,2013-Q1,6.800913627398042,12.685185185185183
2013-02-04,2013-Q1,6.751271922088567,12.592592592592592
2013-02-05,2013-Q1,6.900197038016993,12.87037037037037
2013-02-06,2013-Q1,6.701630216779092,12.5
2013-02-07,2013-Q1,6.7512719220885655,12.592592592592592
2013-02-08,2013-Q1,6.651988511469616,12.407407407407408
2013-02-11,2013-Q1,6.453421690231717,12.037037037037036
2013-02-12,2013-Q1,6.4037799849222425,11.944444444444445
2013-02-13,2013-Q1,6.105929753065394,11.38888888888889
2013-02-14,2013-Q1,6.056288047755919,11.296296296296294
2013-02-15,2013-Q1,5.957004637136969,11.11111111111111
2013-02-18,2013-Q1,5.708796110589596,10.648148148148149
2013-02-19,2013-Q1,5.75843781589907,10.74074074074074
2013-02-20,2013-Q1,6.205213163684343,11.574074074074073
2013-02-21,2013-Q1,6.304496574303293,11.759259259259258
2013-02-22,2013-Q1,6.205213163684344,11.574074074074073
2013-02-25,2013-Q1,6.05628804775592,11.296296296296294
2013-02-26,2013-Q1,5.460587584042223,10.185185185185183
2013-02-27,2013-Q1,5.6591544052801215,10.555555555555555
2013-02-28,2013-Q1,5.808079521208545,10.833333333333332
2013-03-01,2013-Q1,5.808079521208545,
2013-03-04,2013-Q1,5.758437815899071,
2013-03-05,2013-Q1,5.559870994661171,
2013-03-06,2013-Q1,5.609512699970647,
2013-03-07,2013-Q1,5.510229289351696,
2013-03-08,2013-Q1,5.6591544052801215,
2013-03-11,2013-Q1,5.6591544052801215,
2013-03-12,2013-Q1,5.460587584042222,
2013-03-13,2013-Q1,5.460587584042222,
2013-03-14,2013-Q1,5.212379057494849,
2013-03-15,2013-Q1,5.212379057494849,
2013-03-18,2013-Q1,5.262020762804323,
2013-03-19,2013-Q1,5.162737352185375,
2013-03-20,2013-Q1,4.964170530947475,
2013-03-21,2013-Q1,4.616678593781152,
2013-03-22,2013-Q1,4.219544951305354,
2013-03-25,2013-Q1,4.5670368884716765,
2013-03-26,2013-Q1,5.01381223625695,
2013-03-27,2013-Q1,5.01381223625695,
2013-03-28,2013-Q1,4.964170530947475,
2013-03-29,2013-Q1,4.964170530947475,
2013-04-01,2013-Q2,5.262020762804323,
2013-04-02,2013-Q2,4.9641705309474755,
2013-04-03,2013-Q2,5.162737352185375,
2013-04-04,2013-Q2,5.162737352185375,
2013-04-05,2013-Q2,5.162737352185375,
2013-04-08,2013-Q2,5.162737352185375,
2013-04-09,2013-Q2,5.162737352185375,
2013-04-10,2013-Q2,5.162737352185375,
2013-04-11,2013-Q2,5.262020762804323,
2013-04-12,2013-Q2,4.9641705309474755,
2013-04-15,2013-Q2,4.9641705309474755,
2013-04-16,2013-Q2,4.9641705309474755,
2013-04-17,2013-Q2,4.9641705309474755,
2013-04-18,2013-Q2,4.9641705309474755,
2013-04-19,2013-Q2,4.9641705309474755,
2013-04-22,2013-Q2,4.9641705309474755,
2013-04-23,2013-Q2,4.5670368884716765,
2013-04-24,2013-Q2,4.5670368884716765,
2013-04-25,2013-Q2,4.715962004400102,
2013-04-26,2013-Q2,4.81524541501905,
2013-04-29,2013-Q2,4.715962004400101,
2013-04-30,2013-Q2,4.318828361924303,
2013-05-01,2013-Q2,4.318828361924303,
2013-05-02,2013-Q2,4.9641705309474755,
2013-05-03,2013-Q2,4.318828361924303,
2013-05-06,2013-Q2,4.914528825638,
2013-05-07,2013-Q2,4.765603709709575,
2013-05-08,2013-Q2,4.765603709709575,
2013-05-09,2013-Q2,4.765603709709575,
2013-05-10,2013-Q2,4.765603709709575,
2013-05-11,2013-Q2,4.765603709709575,
2013-05-13,2013-Q2,4.765603709709575,
2013-05-14,2013-Q2,4.169903245995879,
2013-05-15,2013-Q2,4.169903245995879,
2013-05-16,2013-Q2,4.120261540686404,
2013-05-17,2013-Q2,4.020978130067454,
2013-05-20,2013-Q2,3.574202782282182,
2013-05-21,2013-Q2,4.070619835376929,
2013-05-22,2013-Q2,4.070619835376929,
2013-05-23,2013-Q2,4.070619835376929,
2013-05-24,2013-Q2,4.070619835376929,
2013-05-27,2013-Q2,4.467753477852727,
2013-05-28,2013-Q2,4.418111772543252,
2013-05-29,2013-Q2,4.418111772543252,
2013-05-30,2013-Q2,5.262020762804323,
2013-05-31,2013-Q2,4.964170530947475,
2013-06-03,2013-Q2,4.964170530947475,
2013-06-04,2013-Q2,4.964170530947475,
2013-06-05,2013-Q2,4.964170530947475,
2013-06-06,2013-Q2,4.219544951305354,
2013-06-07,2013-Q2,4.219544951305354,
2013-06-10,2013-Q2,4.020978130067455,
2013-06-11,2013-Q2,4.020978130067455,
2013-06-12,2013-Q2,4.517395183162202,
2013-06-13,2013-Q2,4.318828361924304,
2013-06-14,2013-Q2,4.6663202990906285,
2013-06-17,2013-Q2,4.517395183162203,
2013-06-18,2013-Q2,5.4109458787327505,
2013-06-19,2013-Q2,5.907362931827497,
2013-06-20,2013-Q2,6.949838743326467,
2013-06-21,2013-Q2,6.949838743326467,
2013-06-24,2013-Q2,6.25485486899382,
2013-06-25,2013-Q2,5.659154405280123,
2013-06-26,2013-Q2,5.659154405280123,
2013-06-27,2013-Q2,5.113095646875901,
2013-06-28,2013-Q2,5.113095646875901,
2013-07-01,2013-Q3,5.113095646875901,
2013-07-02,2013-Q3,5.113095646875901,
2013-07-03,2013-Q3,5.113095646875901,
2013-07-04,2013-Q3,5.113095646875901,
2013-07-05,2013-Q3,5.113095646875901,
2013-07-08,2013-Q3,5.113095646875901,
2013-07-09,2013-Q3,4.864887120328527,
2013-07-10,2013-Q3,4.864887120328527,
2013-07-11,2013-Q3,4.6663202990906285,
2013-07-12,2013-Q3,4.6663202990906285,
2013-07-15,2013-Q3,4.6663202990906285,
2013-07-16,2013-Q3,4.6663202990906285,
2013-07-17,2013-Q3,4.6663202990906285,
2013-07-18,2013-Q3,4.6663202990906285,
2013-07-19,2013-Q3,4.6663202990906285,
2013-07-22,2013-Q3,4.864887120328528,
2013-07-23,2013-Q3,4.864887120328528,
2013-07-24,2013-Q3,4.864887120328528,
2013-07-25,2013-Q3,4.666320299090629,
2013-07-26,2013-Q3,4.666320299090629,
2013-07-29,2013-Q3,4.666320299090629,
2013-07-30,2013-Q3,4.666320299090629,
2013-07-31,2013-Q3,4.666320299090629,
2013-08-01,2013-Q3,4.666320299090629,
2013-08-02,2013-Q3,4.666320299090629,
2013-08-05,2013-Q3,4.666320299090629,
2013-08-06,2013-Q3,4.666320299090629,
2013-08-07,2013-Q3,4.666320299090629,
2013-08-08,2013-Q3,4.467753477852729,
2013-08-09,2013-Q3,4.467753477852729,
2013-08-12,2013-Q3,4.2691866566148295,
2013-08-13,2013-Q3,4.07061983537693,
2013-08-14,2013-Q3,3.872053014139031,
2013-08-15,2013-Q3,3.872053014139031,
2013-08-16,2013-Q3,3.7231278982106066,
2013-08-19,2013-Q3,3.5742027822821827,
2013-08-20,2013-Q3,3.4252776663537587,
2013-08-21,2013-Q3,3.276352550425334,
2013-08-22,2013-Q3,3.12742743449691,
2013-08-23,2013-Q3,2.9785023185684856,
2013-08-26,2013-Q3,3.12742743449691,
2013-08-27,2013-Q3,3.0777857291874358,
2013-08-28,2013-Q3,3.0777857291874358,
2013-08-29,2013-Q3,3.0777857291874358,
2013-08-30,2013-Q3,2.9288606132590114,
2013-09-02,2013-Q3,2.9288606132590114,
2013-09-03,2013-Q3,2.8792189079495367,
2013-09-04,2013-Q3,2.8792189079495367,
2013-09-05,2013-Q3,2.8792189079495367,
2013-09-06,2013-Q3,2.8792189079495367,
2013-09-09,2013-Q3,2.8792189079495367,
2013-09-10,2013-Q3,2.8792189079495367,
2013-09-11,2013-Q3,2.8792189079495367,
2013-09-12,2013-Q3,2.8792189079495367,
2013-09-13,2013-Q3,2.9785023185684865,
2013-09-16,2013-Q3,2.9785023185684865,
2013-09-17,2013-Q3,2.9785023185684865,
2013-09-18,2013-Q3,2.9785023185684865,
2013-09-19,2013-Q3,2.9785023185684865,
2013-09-20,2013-Q3,2.9785023185684865,
2013-09-23,2013-Q3,2.9785023185684865,
2013-09-24,2013-Q3,3.077785729187436,
2013-09-25,2013-Q3,3.077785729187436,
2013-09-26,2013-Q3,3.127427434496911,
2013-09-27,2013-Q3,3.2763525504253352,
2013-09-30,2013-Q3,3.42527766635376,
2013-10-01,2013-Q4,3.42527766635376,
2013-10-02,2013-Q4,3.42527766635376,
2013-10-03,2013-Q4,3.42527766635376,
2013-10-04,2013-Q4,3.42527766635376,
2013-10-07,2013-Q4,3.42527766635376,
2013-10-08,2013-Q4,3.42527766635376,
2013-10-09,2013-Q4,3.2763525504253352,
2013-10-10,2013-Q4,3.2763525504253352,
2013-10-11,2013-Q4,3.2763525504253352,
2013-10-14,2013-Q4,3.42527766635376,
2013-10-15,2013-Q4,3.574202782282184,
2013-10-16,2013-Q4,3.574202782282184,
2013-10-17,2013-Q4,3.723127898210609,
2013-10-18,2013-Q4,3.8720530141390337,
2013-10-21,2013-Q4,4.0209781300674585,
2013-10-22,2013-Q4,4.219544951305357,
2013-10-23,2013-Q4,4.219544951305357,
2013-10-24,2013-Q4,4.219544951305357,
2013-10-25,2013-Q4,4.169903245995883,
2013-10-28,2013-Q4,4.368470067233782,
2013-10-29,2013-Q4,4.567036888471681,
2013-10-30,2013-Q4,4.567036888471681,
2013-10-31,2013-Q4,4.567036888471681,
2013-11-01,2013-Q4,4.567036888471681,
2013-11-03,2013-Q4,4.567036888471681,
2013-11-04,2013-Q4,4.567036888471681,
2013-11-05,2013-Q4,4.368470067233782,
2013-11-06,2013-Q4,4.169903245995883,
2013-11-07,2013-Q4,3.971336424757983,
2013-11-08,2013-Q4,3.971336424757983,
2013-11-11,2013-Q4,4.120261540686408,
2013-11-12,2013-Q4,4.120261540686408,
2013-11-13,2013-Q4,4.120261540686408,
2013-11-14,2013-Q4,3.921694719448509,
2013-11-15,2013-Q4,3.921694719448509,
2013-11-18,2013-Q4,3.772769603520084,
2013-11-19,2013-Q4,3.62384448759166,
2013-11-20,2013-Q4,3.7231278982106097,
2013-11-21,2013-Q4,3.574202782282186,
2013-11-22,2013-Q4,3.4252776663537614,
2013-11-25,2013-Q4,3.4252776663537614,
2013-11-26,2013-Q4,3.2763525504253366,
2013-11-27,2013-Q4,3.127427434496912,
2013-11-28,2013-Q4,3.2763525504253366,
2013-11-29,2013-Q4,3.4252776663537614,
2013-12-02,2013-Q4,3.2763525504253366,
2013-12-03,2013-Q4,3.1770691398063877,
2013-12-04,2013-Q4,3.1770691398063877,
2013-12-05,2013-Q4,3.1770691398063877,
2013-12-06,2013-Q4,3.2267108451158624,
2013-12-09,2013-Q4,3.2267108451158624,
2013-12-10,2013-Q4,3.2267108451158624,
2013-12-11,2013-Q4,3.2267108451158624,
2013-12-12,2013-Q4,3.077785729187438,
2013-12-13,2013-Q4,3.077785729187438,
2013-12-16,2013-Q4,3.077785729187438,
2013-12-17,2013-Q4,3.077785729187438,
2013-12-18,2013-Q4,3.077785729187438,
2013-12-19,2013-Q4,2.9288606132590136,
2013-12-20,2013-Q4,2.9785023185684882,
2013-12-23,2013-Q4,3.028144023877963,
2013-12-24,2013-Q4,3.1770691398063873,
2013-12-25,2013-Q4,3.1770691398063873,
2013-12-26,2013-Q4,3.1770691398063873,
2013-12-27,2013-Q4,3.1770691398063873,
2013-12-30,2013-Q4,3.3259942557348117,
2013-12-31,2013-Q4,3.3259942557348117,
2014-01-01,2014-Q1,3.3756359610442868,
2014-01-02,2014-Q1,3.2763525504253366,
2014-01-03,2014-Q1,3.127427434496912,
2014-01-06,2014-Q1,3.2763525504253366,
2014-01-07,2014-Q1,3.4252776663537614,
2014-01-08,2014-Q1,3.574202782282186,
2014-01-09,2014-Q1,3.72312789821061,
2014-01-10,2014-Q1,3.72312789821061,
2014-01-13,2014-Q1,3.872053014139035,
2014-01-14,2014-Q1,4.02097813006746,
2014-01-15,2014-Q1,4.219544951305359,
2014-01-16,2014-Q1,4.418111772543258,
2014-01-17,2014-Q1,4.616678593781159,
2014-01-20,2014-Q1,4.567036888471684,
2014-01-21,2014-Q1,4.567036888471684,
2014-01-22,2014-Q1,4.567036888471684,
2014-01-23,2014-Q1,4.567036888471684,
2014-01-24,2014-Q1,4.616678593781159,
2014-01-27,2014-Q1,4.418111772543258,
2014-01-28,2014-Q1,4.368470067233784,
2014-01-29,2014-Q1,4.318828361924309,
2014-01-30,2014-Q1,4.1202615406864105,
2014-01-31,2014-Q1,4.269186656614834,
2014-02-03,2014-Q1,4.4677534778527335,
2014-02-04,2014-Q1,4.517395183162209,
2014-02-05,2014-Q1,4.418111772543259,
2014-02-06,2014-Q1,4.368470067233785,
2014-02-07,2014-Q1,4.467753477852735,
2014-02-10,2014-Q1,4.5670368884716845,
2014-02-11,2014-Q1,4.765603709709583,
2014-02-12,2014-Q1,4.964170530947483,
2014-02-13,2014-Q1,4.864887120328533,
2014-02-14,2014-Q1,4.765603709709583,
2014-02-17,2014-Q1,4.567036888471684,
2014-02-18,2014-Q1,4.567036888471684,
2014-02-19,2014-Q1,4.368470067233784,
2014-02-20,2014-Q1,4.21954495130536,
2014-02-21,2014-Q1,4.21954495130536,
2014-02-24,2014-Q1,4.0706198353769345,
2014-02-25,2014-Q1,4.0706198353769345,
2014-02-26,2014-Q1,4.169903245995885,
2014-02-27,2014-Q1,4.169903245995885,
2014-02-28,2014-Q1,3.971336424757985,
2014-03-03,2014-Q1,3.971336424757985,
2014-03-04,2014-Q1,3.872053014139035,
2014-03-05,2014-Q1,4.02097813006746,
2014-03-06,2014-Q1,4.219544951305359,
2014-03-07,2014-Q1,4.020978130067459,
2014-03-10,2014-Q1,3.8224113088295604,
2014-03-11,2014-Q1,3.6734861929011355,
2014-03-12,2014-Q1,3.7727696035200844,
2014-03-13,2014-Q1,3.7727696035200844,
2014-03-14,2014-Q1,3.72312789821061,
2014-03-17,2014-Q1,3.72312789821061,
2014-03-18,2014-Q1,3.7727696035200844,
2014-03-19,2014-Q1,3.72312789821061,
2014-03-20,2014-Q1,3.872053014139035,
2014-03-21,2014-Q1,3.7727696035200853,
2014-03-22,2014-Q1,3.7727696035200853,
2014-03-24,2014-Q1,3.673486192901136,
2014-03-25,2014-Q1,3.673486192901136,
2014-03-26,2014-Q1,3.6238444875916613,
2014-03-27,2014-Q1,3.6238444875916613,
2014-03-28,2014-Q1,3.6238444875916613,
2014-03-31,2014-Q1,3.6238444875916613,
2014-04-01,2014-Q2,3.5742027822821862,
2014-04-02,2014-Q2,3.723127898210611,
2014-04-03,2014-Q2,3.8224113088295604,
2014-04-04,2014-Q2,3.9713364247579843,
2014-04-07,2014-Q2,4.169903245995884,
2014-04-08,2014-Q2,4.169903245995884,
2014-04-09,2014-Q2,4.020978130067459,
2014-04-10,2014-Q2,3.9713364247579843,
2014-04-11,2014-Q2,3.8224113088295604,
2014-04-14,2014-Q2,3.8224113088295604,
2014-04-15,2014-Q2,3.8720530141390346,
2014-04-16,2014-Q2,3.7727696035200844,
2014-04-17,2014-Q2,3.9216947194485092,
2014-04-18,2014-Q2,3.9216947194485092,
2014-04-21,2014-Q2,4.070619835376933,
2014-04-22,2014-Q2,4.269186656614831,
2014-04-23,2014-Q2,4.467753477852732,
2014-04-24,2014-Q2,4.467753477852732,
2014-04-25,2014-Q2,4.467753477852732,
2014-04-28,2014-Q2,4.666320299090631,
2014-04-29,2014-Q2,4.666320299090631,
2014-04-30,2014-Q2,4.7656037097095805,
2014-05-01,2014-Q2,4.7656037097095805,
2014-05-02,2014-Q2,4.914528825638004,
2014-05-05,2014-Q2,4.76560370970958,
2014-05-06,2014-Q2,4.7159620044001045,
2014-05-07,2014-Q2,4.914528825638004,
2014-05-08,2014-Q2,4.715962004400105,
2014-05-09,2014-Q2,4.567036888471681,
2014-05-12,2014-Q2,4.467753477852732,
2014-05-13,2014-Q2,4.318828361924306,
2014-05-14,2014-Q2,4.467753477852732,
2014-05-15,2014-Q2,4.666320299090631,
2014-05-16,2014-Q2,4.666320299090631,
2014-05-19,2014-Q2,4.864887120328531,
2014-05-20,2014-Q2,5.063453941566429,
2014-05-21,2014-Q2,5.311662468113803,
2014-05-22,2014-Q2,5.559870994661177,
2014-05-23,2014-Q2,5.808079521208551,
2014-05-26,2014-Q2,6.056288047755926,
2014-05-27,2014-Q2,5.9570046371369765,
2014-05-28,2014-Q2,6.254854868993825,
2014-05-29,2014-Q2,6.5030633955412,
2014-05-30,2014-Q2,6.60234680616015,
2014-06-02,2014-Q2,6.850555332707525,
2014-06-03,2014-Q2,6.900197038017,
2014-06-04,2014-Q2,6.751271922088574,
2014-06-05,2014-Q2,6.900197038017,
2014-06-06,2014-Q2,6.701630216779099,
2014-06-09,2014-Q2,6.900197038017,
2014-06-10,2014-Q2,6.949838743326474,
2014-06-11,2014-Q2,7.297330680492799,
2014-06-12,2014-Q2,7.644822617659123,
2014-06-13,2014-Q2,7.992314554825446,
2014-06-16,2014-Q2,8.389448197301244,
2014-06-17,2014-Q2,8.786581839777043,
2014-06-18,2014-Q2,9.183715482252842,
2014-06-19,2014-Q2,9.630490830038115,
2014-06-20,2014-Q2,9.233357187562317,
2014-06-23,2014-Q2,8.836223545086519,
2014-06-24,2014-Q2,8.935506955705469,
2014-06-25,2014-Q2,8.63765672384862,
2014-06-26,2014-Q2,8.290164786682295,
2014-06-27,2014-Q2,8.687298429158094,
2014-06-30,2014-Q2,9.084432071633893,
2014-07-01,2014-Q3,9.134073776943367,
2014-07-02,2014-Q3,8.736940134467568,
2014-07-03,2014-Q3,8.637656723848618,
2014-07-04,2014-Q3,8.290164786682295,
2014-07-07,2014-Q3,8.687298429158094,
2014-07-08,2014-Q3,8.736940134467568,
2014-07-09,2014-Q3,8.33980649199177,
2014-07-10,2014-Q3,7.992314554825446,
2014-07-11,2014-Q3,7.694464322968597,
2014-07-14,2014-Q3,7.644822617659122,
2014-07-15,2014-Q3,7.495897501730697,
2014-07-16,2014-Q3,7.247688975183324,
2014-07-17,2014-Q3,7.198047269873849,
2014-07-18,2014-Q3,7.495897501730698,
2014-07-21,2014-Q3,7.843389438897023,
2014-07-22,2014-Q3,8.190881376063347,
2014-07-23,2014-Q3,7.843389438897025,
2014-07-24,2014-Q3,7.4958975017307,
2014-07-25,2014-Q3,7.4958975017307,
2014-07-28,2014-Q3,7.59518091234965,
2014-07-29,2014-Q3,7.59518091234965,
2014-07-30,2014-Q3,7.3469723858022755,
2014-07-31,2014-Q3,7.098763859254901,
2014-08-01,2014-Q3,7.098763859254901,
2014-08-04,2014-Q3,6.900197038017001,
2014-08-05,2014-Q3,7.198047269873849,
2014-08-06,2014-Q3,6.8505553327075255,
2014-08-07,2014-Q3,7.148405564564374,
2014-08-08,2014-Q3,6.8505553327075255,
2014-08-11,2014-Q3,7.049122153945424,
2014-08-12,2014-Q3,6.949838743326474,
2014-08-13,2014-Q3,6.850555332707525,
2014-08-14,2014-Q3,6.900197038017,
2014-08-15,2014-Q3,6.900197038017,
2014-08-18,2014-Q3,6.8009136273980495,
2014-08-19,2014-Q3,6.751271922088574,
2014-08-20,2014-Q3,7.049122153945424,
2014-08-21,2014-Q3,6.900197038017,
2014-08-22,2014-Q3,6.900197038017,
2014-08-25,2014-Q3,6.701630216779099,
2014-08-26,2014-Q3,6.453421690231725,
2014-08-27,2014-Q3,6.4037799849222505,
2014-08-28,2014-Q3,6.701630216779098,
2014-08-29,2014-Q3,6.701630216779098,
2014-09-01,2014-Q3,6.900197038016998,36.578947368421055
2014-09-02,2014-Q3,7.198047269873846,38.1578947368421
2014-09-03,2014-Q3,7.148405564564372,37.89473684210526
2014-09-04,2014-Q3,6.850555332707523,36.31578947368421
2014-09-05,2014-Q3,6.701630216779098,35.526315789473685
2014-09-08,2014-Q3,6.949838743326471,36.8421052631579
2014-09-09,2014-Q3,6.602346806160148,35.0
2014-09-10,2014-Q3,7.24768897518332,38.42105263157895
2014-09-11,2014-Q3,7.942672849515966,42.10526315789474
2014-09-12,2014-Q3,8.19088137606334,43.42105263157895
2014-09-15,2014-Q3,8.985148661014936,47.631578947368425
2014-09-16,2014-Q3,9.13407377694336,48.42105263157895
2014-09-17,2014-Q3,8.935506955705462,47.368421052631575
2014-09-18,2014-Q3,8.637656723848611,45.78947368421052
2014-09-19,2014-Q3,8.687298429158087,46.05263157894737
2014-09-22,2014-Q3,8.290164786682288,43.94736842105263
2014-09-23,2014-Q3,7.992314554825442,42.36842105263158
2014-09-24,2014-Q3,8.29016478668229,43.94736842105263
2014-09-25,2014-Q3,7.942672849515967,42.10526315789474
2014-09-26,2014-Q3,7.843389438897018,41.578947368421055
2014-09-29,2014-Q3,7.793747733587541,41.315789473684205
2014-09-30,2014-Q3,7.595180912349643,40.26315789473684
2014-10-01,2014-Q4,7.843389438897018,41.578947368421055
2014-10-02,2014-Q4,7.843389438897018,41.578947368421055
2014-10-03,2014-Q4,7.843389438897018,41.578947368421055
2014-10-06,2014-Q4,7.843389438897018,41.578947368421055
2014-10-07,2014-Q4,7.942672849515966,42.10526315789474
2014-10-08,2014-Q4,7.198047269873843,38.1578947368421
2014-10-09,2014-Q4,7.049122153945419,37.368421052631575
2014-10-10,2014-Q4,7.346972385802268,38.94736842105263
2014-10-13,2014-Q4,7.396614091111743,39.21052631578947
2014-10-14,2014-Q4,6.94983874332647,36.8421052631579
2014-10-15,2014-Q4,6.94983874332647,36.8421052631579
2014-10-16,2014-Q4,7.297330680492794,38.68421052631579
2014-10-17,2014-Q4,6.949838743326471,36.8421052631579
2014-10-20,2014-Q4,7.396614091111744,39.21052631578947
2014-10-21,2014-Q4,6.999480448635946,37.10526315789473
2014-10-22,2014-Q4,6.949838743326471,36.8421052631579
2014-10-23,2014-Q4,7.545539207040168,40.0
2014-10-24,2014-Q4,7.545539207040168,40.0
2014-10-27,2014-Q4,7.24768897518332,38.42105263157895
2014-10-28,2014-Q4,7.346972385802269,38.94736842105263
2014-10-29,2014-Q4,7.24768897518332,38.42105263157895
2014-10-30,2014-Q4,7.24768897518332,38.42105263157895
2014-10-31,2014-Q4,6.949838743326471,36.8421052631579
2014-11-03,2014-Q4,6.949838743326471,36.8421052631579
2014-11-04,2014-Q4,6.949838743326471,36.8421052631579
2014-11-05,2014-Q4,7.346972385802269,38.94736842105263
2014-11-06,2014-Q4,7.346972385802269,38.94736842105263
2014-11-07,2014-Q4,7.0987638592548965,37.631578947368425
2014-11-10,2014-Q4,7.049122153945421,37.368421052631575
2014-11-11,2014-Q4,6.900197038016996,36.578947368421055
2014-11-12,2014-Q4,6.800913627398047,36.05263157894736
2014-11-13,2014-Q4,6.701630216779097,35.526315789473685
2014-11-14,2014-Q4,6.701630216779097,35.526315789473685
2014-11-17,2014-Q4,6.651988511469622,35.26315789473684
2014-11-18,2014-Q4,6.651988511469622,35.26315789473684
2014-11-19,2014-Q4,6.850555332707522,36.31578947368421
2014-11-20,2014-Q4,6.651988511469622,35.26315789473684
2014-11-21,2014-Q4,6.503063395541197,34.473684210526315
2014-11-24,2014-Q4,6.900197038016996,36.578947368421055
2014-11-25,2014-Q4,6.552705100850673,34.73684210526316
2014-11-26,2014-Q4,6.60234680616015,35.0
2014-11-27,2014-Q4,6.949838743326473,36.8421052631579
2014-11-28,2014-Q4,7.198047269873848,38.1578947368421
2014-12-01,2014-Q4,6.999480448635948,
2014-12-02,2014-Q4,6.999480448635948,
2014-12-03,2014-Q4,6.999480448635948,
2014-12-04,2014-Q4,7.247688975183321,
2014-12-05,2014-Q4,6.7512719220885735,
2014-12-08,2014-Q4,6.701630216779098,
2014-12-09,2014-Q4,6.701630216779098,
2014-12-10,2014-Q4,6.701630216779098,
2014-12-11,2014-Q4,6.453421690231724,
2014-12-12,2014-Q4,6.453421690231724,
2014-12-15,2014-Q4,6.701630216779098,
2014-12-16,2014-Q4,5.6095126999706535,188.3333333333333
2014-12-17,2014-Q4,5.162737352185379,173.33333333333334
2014-12-18,2014-Q4,5.659154405280129,190.0
2014-12-19,2014-Q4,6.0066463424464525,
2014-12-22,2014-Q4,5.957004637136977,200.0
2014-12-23,2014-Q4,5.808079521208552,195.0
2014-12-24,2014-Q4,5.907362931827503,198.3333333333333
2014-12-25,2014-Q4,5.907362931827503,198.3333333333333
2014-12-26,2014-Q4,5.907362931827503,198.3333333333333
2014-12-29,2014-Q4,5.907362931827503,198.3333333333333
2014-12-30,2014-Q4,6.0066463424464525,
2014-12-31,2014-Q4,5.957004637136977,200.0
2015-01-01,2015-Q1,5.857721226518028,196.66666666666669
2015-01-02,2015-Q1,5.957004637136977,200.0
2015-01-05,2015-Q1,6.304496574303301,
2015-01-06,2015-Q1,6.105929753065402,
2015-01-07,2015-Q1,6.552705100850675,
2015-01-08,2015-Q1,6.254854868993826,
2015-01-09,2015-Q1,6.354138279612776,
2015-01-12,2015-Q1,6.155571458374878,
2015-01-13,2015-Q1,6.254854868993827,
2015-01-14,2015-Q1,6.651988511469626,
2015-01-15,2015-Q1,7.098763859254901,
2015-01-16,2015-Q1,7.098763859254901,
2015-01-19,2015-Q1,7.3469723858022755,
2015-01-20,2015-Q1,7.098763859254901,
2015-01-21,2015-Q1,6.900197038017001,
2015-01-22,2015-Q1,7.049122153945424,
2015-01-23,2015-Q1,6.701630216779101,
2015-01-26,2015-Q1,6.701630216779101,
2015-01-27,2015-Q1,6.751271922088574,
2015-01-28,2015-Q1,6.453421690231726,
2015-01-29,2015-Q1,6.503063395541201,
2015-01-30,2015-Q1,6.254854868993827,
2015-02-02,2015-Q1,6.205213163684352,
2015-02-03,2015-Q1,6.056288047755927,
2015-02-04,2015-Q1,6.105929753065403,
2015-02-05,2015-Q1,6.155571458374877,
2015-02-06,2015-Q1,6.304496574303301,
2015-02-09,2015-Q1,6.155571458374877,
2015-02-10,2015-Q1,6.0066463424464525,
2015-02-11,2015-Q1,5.609512699970654,188.3333333333333
2015-02-12,2015-Q1,5.708796110589604,191.66666666666669
2015-02-13,2015-Q1,5.708796110589604,191.66666666666669
2015-02-16,2015-Q1,5.708796110589604,191.66666666666669
2015-02-17,2015-Q1,5.708796110589604,191.66666666666669
2015-02-18,2015-Q1,5.6591544052801295,190.0
2015-02-19,2015-Q1,5.907362931827504,198.3333333333333
2015-02-20,2015-Q1,5.857721226518029,196.66666666666669
2015-02-23,2015-Q1,5.708796110589604,191.66666666666669
2015-02-24,2015-Q1,5.708796110589604,191.66666666666669
2015-02-25,2015-Q1,5.6591544052801295,190.0
2015-02-26,2015-Q1,5.85772122651803,196.66666666666669
2015-02-27,2015-Q1,5.907362931827504,198.3333333333333
2015-02-28,2015-Q1,5.460587584042231,183.3333333333333
2015-03-02,2015-Q1,5.55987099466118,186.66666666666663
2015-03-03,2015-Q1,5.808079521208555,195.0
2015-03-04,2015-Q1,5.808079521208555,195.0
2015-03-05,2015-Q1,5.460587584042232,183.3333333333333
2015-03-06,2015-Q1,5.460587584042232,183.3333333333333
2015-03-09,2015-Q1,5.55987099466118,186.66666666666663
2015-03-10,2015-Q1,5.808079521208556,195.0
2015-03-11,2015-Q1,5.410945878732758,181.66666666666669
2015-03-12,2015-Q1,5.361304173423283,180.00000000000003
2015-03-13,2015-Q1,5.311662468113807,178.33333333333331
2015-03-16,2015-Q1,5.311662468113807,178.33333333333331
2015-03-17,2015-Q1,5.262020762804332,176.66666666666666
2015-03-18,2015-Q1,5.063453941566434,170.0
2015-03-19,2015-Q1,5.013812236256959,168.33333333333334
2015-03-20,2015-Q1,5.262020762804333,176.66666666666666
2015-03-23,2015-Q1,4.914528825638009,165.0
2015-03-24,2015-Q1,5.063453941566434,170.0
2015-03-25,2015-Q1,4.914528825638009,165.0
2015-03-26,2015-Q1,4.815245415019059,161.66666666666666
2015-03-27,2015-Q1,4.51739518316221,151.66666666666666
2015-03-30,2015-Q1,4.6166785937811605,155.00000000000003
2015-03-31,2015-Q1,4.715962004400111,158.33333333333334
2015-04-01,2015-Q2,5.4605875840422335,183.3333333333333
2015-04-02,2015-Q2,5.4605875840422335,183.3333333333333
2015-04-03,2015-Q2,5.4605875840422335,183.3333333333333
2015-04-06,2015-Q2,5.410945878732759,181.66666666666669
2015-04-07,2015-Q2,5.262020762804335,176.66666666666666
2015-04-08,2015-Q2,5.957004637136982,200.0
2015-04-09,2015-Q2,5.659154405280133,190.0
2015-04-10,2015-Q2,5.559870994661184,186.66666666666663
2015-04-13,2015-Q2,6.105929753065408,
2015-04-14,2015-Q2,6.105929753065408,
2015-04-15,2015-Q2,6.155571458374882,
2015-04-16,2015-Q2,6.056288047755931,
2015-04-17,2015-Q2,5.957004637136982,200.0
2015-04-20,2015-Q2,5.609512699970659,188.3333333333333
2015-04-21,2015-Q2,5.808079521208557,195.0
2015-04-22,2015-Q2,5.758437815899082,193.3333333333333
2015-04-23,2015-Q2,5.510229289351708,185.0
2015-04-24,2015-Q2,5.311662468113808,178.33333333333331
2015-04-27,2015-Q2,5.262020762804333,176.66666666666666
2015-04-28,2015-Q2,5.162737352185384,173.33333333333334
2015-04-29,2015-Q2,5.162737352185384,173.33333333333334
2015-04-30,2015-Q2,4.864887120328535,163.33333333333334
2015-05-01,2015-Q2,4.864887120328535,163.33333333333334
2015-05-04,2015-Q2,4.964170530947485,166.66666666666669
2015-05-05,2015-Q2,4.964170530947485,166.66666666666669
2015-05-06,2015-Q2,4.6663202990906365,156.66666666666669
2015-05-07,2015-Q2,5.361304173423284,180.00000000000003
2015-05-08,2015-Q2,4.81524541501906,161.66666666666666
2015-05-11,2015-Q2,4.914528825638011,165.0
2015-05-12,2015-Q2,5.113095646875911,171.66666666666669
2015-05-13,2015-Q2,4.815245415019061,161.66666666666666
2015-05-14,2015-Q2,4.815245415019061,161.66666666666666
2015-05-15,2015-Q2,4.765603709709586,160.0
2015-05-18,2015-Q2,4.765603709709586,160.0
2015-05-19,2015-Q2,4.864887120328537,163.33333333333334
2015-05-20,2015-Q2,4.964170530947486,166.66666666666669
2015-05-21,2015-Q2,5.013812236256961,168.33333333333334
2015-05-22,2015-Q2,4.964170530947486,166.66666666666669
2015-05-25,2015-Q2,4.765603709709587,160.0
2015-05-26,2015-Q2,4.368470067233788,146.66666666666669
2015-05-27,2015-Q2,4.914528825638012,165.0
2015-05-28,2015-Q2,4.765603709709587,160.0
2015-05-29,2015-Q2,4.666320299090637,156.66666666666669
2015-06-01,2015-Q2,4.765603709709587,
2015-06-02,2015-Q2,4.765603709709587,
2015-06-03,2015-Q2,4.169903245995889,
2015-06-04,2015-Q2,4.169903245995889,
2015-06-05,2015-Q2,4.418111772543264,
2015-06-08,2015-Q2,4.120261540686415,
2015-06-09,2015-Q2,4.070619835376939,
2015-06-10,2015-Q2,4.467753477852739,
2015-06-11,2015-Q2,4.3684700672337895,
2015-06-12,2015-Q2,4.070619835376939,
2015-06-15,2015-Q2,4.467753477852739,
2015-06-16,2015-Q2,4.715962004400113,
2015-06-17,2015-Q2,4.914528825638014,
2015-06-18,2015-Q2,4.46775347785274,
2015-06-19,2015-Q2,4.46775347785274,
2015-06-22,2015-Q2,4.815245415019064,
2015-06-23,2015-Q2,4.666320299090639,
2015-06-24,2015-Q2,4.815245415019064,
2015-06-25,2015-Q2,4.96417053094749,
2015-06-26,2015-Q2,4.616678593781166,
2015-06-29,2015-Q2,4.815245415019064,
2015-06-30,2015-Q2,4.8648871203285395,
2015-07-01,2015-Q3,4.616678593781166,
2015-07-02,2015-Q3,4.616678593781166,
2015-07-03,2015-Q3,4.96417053094749,
2015-07-06,2015-Q3,5.361304173423289,
2015-07-07,2015-Q3,6.304496574303311,
2015-07-08,2015-Q3,6.453421690231735,
2015-07-09,2015-Q3,6.453421690231735,
2015-07-10,2015-Q3,6.453421690231735,
2015-07-13,2015-Q3,5.907362931827512,
2015-07-14,2015-Q3,5.808079521208562,
2015-07-15,2015-Q3,5.609512699970662,
2015-07-16,2015-Q3,5.758437815899086,
2015-07-17,2015-Q3,5.957004637136986,
2015-07-20,2015-Q3,5.758437815899086,
2015-07-21,2015-Q3,5.758437815899086,
2015-07-22,2015-Q3,5.609512699970662,
2015-07-23,2015-Q3,5.460587584042237,
2015-07-24,2015-Q3,5.758437815899086,
2015-07-27,2015-Q3,5.659154405280137,
2015-07-28,2015-Q3,5.659154405280137,
2015-07-29,2015-Q3,5.659154405280137,
2015-07-30,2015-Q3,5.609512699970662,
2015-07-31,2015-Q3,5.857721226518038,
2015-08-03,2015-Q3,5.957004637136987,
2015-08-04,2015-Q3,5.957004637136987,
2015-08-05,2015-Q3,6.552705100850685,
2015-08-06,2015-Q3,6.5030633955412105,
2015-08-07,2015-Q3,6.254854868993836,
2015-08-10,2015-Q3,5.808079521208562,
2015-08-11,2015-Q3,6.006646342446462,
2015-08-12,2015-Q3,5.659154405280138,
2015-08-13,2015-Q3,5.907362931827512,
2015-08-14,2015-Q3,5.907362931827512,
2015-08-17,2015-Q3,5.907362931827512,
2015-08-18,2015-Q3,5.708796110589613,
2015-08-19,2015-Q3,6.254854868993836,
2015-08-20,2015-Q3,5.559870994661187,
2015-08-21,2015-Q3,5.609512699970662,
2015-08-24,2015-Q3,5.212379057494863,
2015-08-25,2015-Q3,4.964170530947489,
2015-08-26,2015-Q3,4.964170530947489,
2015-08-27,2015-Q3,4.964170530947489,
2015-08-28,2015-Q3,4.715962004400114,
2015-08-31,2015-Q3,4.914528825638015,
2015-09-01,2015-Q3,4.96417053094749,
2015-09-02,2015-Q3,5.013812236256964,
2015-09-03,2015-Q3,5.013812236256964,
2015-09-04,2015-Q3,4.96417053094749,
2015-09-07,2015-Q3,4.96417053094749,
2015-09-08,2015-Q3,4.96417053094749,
2015-09-09,2015-Q3,4.96417053094749,
2015-09-10,2015-Q3,4.96417053094749,
2015-09-11,2015-Q3,4.56703688847169,
2015-09-14,2015-Q3,4.56703688847169,
2015-09-15,2015-Q3,4.56703688847169,
2015-09-16,2015-Q3,5.410945878732764,
2015-09-17,2015-Q3,5.410945878732764,
2015-09-18,2015-Q3,5.410945878732764,
2015-09-21,2015-Q3,5.410945878732764,
2015-09-22,2015-Q3,5.410945878732764,
2015-09-23,2015-Q3,4.616678593781166,
2015-09-24,2015-Q3,5.460587584042238,
2015-09-25,2015-Q3,5.460587584042238,
2015-09-28,2015-Q3,4.56703688847169,
2015-09-29,2015-Q3,4.467753477852741,
2015-09-30,2015-Q3,4.467753477852741,
2015-10-01,2015-Q4,4.467753477852741,
2015-10-02,2015-Q4,4.467753477852741,
2015-10-05,2015-Q4,4.467753477852741,
2015-10-06,2015-Q4,4.666320299090641,
2015-10-07,2015-Q4,4.715962004400115,
2015-10-08,2015-Q4,4.715962004400115,
2015-10-09,2015-Q4,4.8152454150190644,
2015-10-12,2015-Q4,4.8152454150190644,
2015-10-13,2015-Q4,4.616678593781166,
2015-10-14,2015-Q4,4.467753477852741,
2015-10-15,2015-Q4,4.616678593781167,
2015-10-16,2015-Q4,4.715962004400116,
2015-10-19,2015-Q4,4.715962004400116,
2015-10-20,2015-Q4,4.715962004400116,
2015-10-21,2015-Q4,4.715962004400116,
2015-10-22,2015-Q4,4.715962004400116,
2015-10-23,2015-Q4,4.815245415019065,
2015-10-26,2015-Q4,4.715962004400116,
2015-10-27,2015-Q4,4.715962004400116,
2015-10-28,2015-Q4,4.715962004400116,
2015-10-29,2015-Q4,4.715962004400116,
2015-10-30,2015-Q4,4.5173951831622166,
2015-11-02,2015-Q4,4.5173951831622166,
2015-11-03,2015-Q4,4.5173951831622166,
2015-11-04,2015-Q4,4.5173951831622166,
2015-11-05,2015-Q4,4.318828361924317,
2015-11-06,2015-Q4,4.318828361924317,
2015-11-09,2015-Q4,4.318828361924317,
2015-11-10,2015-Q4,4.318828361924317,
2015-11-11,2015-Q4,4.318828361924317,
2015-11-12,2015-Q4,4.318828361924317,
2015-11-13,2015-Q4,4.318828361924317,
2015-11-16,2015-Q4,4.318828361924317,
2015-11-17,2015-Q4,4.318828361924317,
2015-11-18,2015-Q4,4.318828361924317,
2015-11-19,2015-Q4,4.318828361924317,
2015-11-20,2015-Q4,4.120261540686418,
2015-11-23,2015-Q4,3.9713364247579923,
2015-11-24,2015-Q4,4.120261540686417,
2015-11-25,2015-Q4,4.120261540686417,
2015-11-26,2015-Q4,4.318828361924316,
2015-11-27,2015-Q4,4.318828361924316,
2015-11-30,2015-Q4,4.318828361924316,
2015-12-01,2015-Q4,4.467753477852741,
2015-12-02,2015-Q4,4.269186656614841,
2015-12-03,2015-Q4,4.467753477852741,
2015-12-04,2015-Q4,4.467753477852741,
2015-12-07,2015-Q4,4.467753477852741,
2015-12-08,2015-Q4,4.467753477852741,
2015-12-09,2015-Q4,4.467753477852741,
2015-12-10,2015-Q4,4.269186656614841,
2015-12-11,2015-Q4,4.269186656614841,
2015-12-14,2015-Q4,4.269186656614841,
2015-12-15,2015-Q4,4.269186656614841,
2015-12-16,2015-Q4,4.467753477852741,
2015-12-17,2015-Q4,4.269186656614841,
2015-12-18,2015-Q4,4.269186656614841,
2015-12-21,2015-Q4,4.219544951305367,
2015-12-22,2015-Q4,4.418111772543266,
2015-12-23,2015-Q4,4.368470067233792,
2015-12-24,2015-Q4,4.5173951831622166,
2015-12-25,2015-Q4,4.5173951831622166,
2015-12-28,2015-Q4,4.5173951831622166,
2015-12-29,2015-Q4,4.715962004400116,
2015-12-30,2015-Q4,4.5173951831622166,
2015-12-31,2015-Q4,4.715962004400116,
2016-01-01,2016-Q1,4.914528825638016,
2016-01-04,2016-Q1,5.113095646875917,
2016-01-05,2016-Q1,5.361304173423291,
2016-01-06,2016-Q1,5.609512699970666,
2016-01-07,2016-Q1,5.8577212265180405,
2016-01-08,2016-Q1,6.105929753065414,
2016-01-11,2016-Q1,6.403779984922264,
2016-01-12,2016-Q1,6.503063395541214,
2016-01-13,2016-Q1,6.2548548689938395,
2016-01-14,2016-Q1,6.2548548689938395,
2016-01-15,2016-Q1,5.957004637136991,
2016-01-18,2016-Q1,5.957004637136991,
2016-01-19,2016-Q1,5.957004637136991,
2016-01-20,2016-Q1,5.659154405280142,
2016-01-21,2016-Q1,5.659154405280142,
2016-01-22,2016-Q1,5.659154405280142,
2016-01-25,2016-Q1,5.460587584042242,
2016-01-26,2016-Q1,5.460587584042242,
2016-01-27,2016-Q1,5.212379057494868,
2016-01-28,2016-Q1,4.964170530947493,
2016-01-29,2016-Q1,4.715962004400119,
2016-02-01,2016-Q1,4.914528825638019,
2016-02-02,2016-Q1,4.715962004400119,
2016-02-03,2016-Q1,4.715962004400119,
2016-02-04,2016-Q1,4.715962004400119,
2016-02-05,2016-Q1,4.715962004400119,
2016-02-08,2016-Q1,4.517395183162219,
2016-02-09,2016-Q1,4.31882836192432,
2016-02-10,2016-Q1,4.169903245995895,
2016-02-11,2016-Q1,4.169903245995895,
2016-02-12,2016-Q1,3.971336424757996,
2016-02-15,2016-Q1,3.971336424757996,
2016-02-16,2016-Q1,3.971336424757996,
2016-02-17,2016-Q1,3.772769603520096,
2016-02-18,2016-Q1,3.9216947194485208,
2016-02-19,2016-Q1,3.9216947194485208,
2016-02-22,2016-Q1,3.9216947194485208,
2016-02-23,2016-Q1,4.070619835376945,
2016-02-24,2016-Q1,4.2195449513053696,
2016-02-25,2016-Q1,4.2195449513053696,
2016-02-26,2016-Q1,4.269186656614845,
2016-02-29,2016-Q1,4.269186656614845,
2016-03-01,2016-Q1,4.269186656614845,6.142857142857143
2016-03-02,2016-Q1,4.467753477852745,6.428571428571429
2016-03-03,2016-Q1,4.31882836192432,6.214285714285714
2016-03-04,2016-Q1,4.31882836192432,6.214285714285714
2016-03-07,2016-Q1,4.31882836192432,6.214285714285714
2016-03-08,2016-Q1,4.31882836192432,6.214285714285714
2016-03-09,2016-Q1,4.31882836192432,6.214285714285714
2016-03-10,2016-Q1,4.517395183162219,6.5
2016-03-11,2016-Q1,4.517395183162219,6.5
2016-03-14,2016-Q1,4.517395183162219,6.5
2016-03-15,2016-Q1,4.715962004400119,6.785714285714287
2016-03-16,2016-Q1,4.91452882563802,7.071428571428572
2016-03-17,2016-Q1,5.113095646875919,7.357142857142858
2016-03-18,2016-Q1,5.361304173423294,7.714285714285715
2016-03-21,2016-Q1,5.113095646875919,7.357142857142858
2016-03-22,2016-Q1,5.113095646875919,7.357142857142858
2016-03-23,2016-Q1,5.212379057494869,7.500000000000001
2016-03-24,2016-Q1,5.212379057494869,7.500000000000001
2016-03-25,2016-Q1,5.212379057494869,7.500000000000001
2016-03-28,2016-Q1,5.212379057494869,7.500000000000001
2016-03-29,2016-Q1,4.964170530947494,7.142857142857143
2016-03-30,2016-Q1,4.964170530947494,7.142857142857143
2016-03-31,2016-Q1,4.964170530947494,7.142857142857143
2016-04-01,2016-Q2,4.964170530947494,7.142857142857143
2016-04-04,2016-Q2,5.212379057494869,7.500000000000001
2016-04-05,2016-Q2,5.212379057494869,7.500000000000001
2016-04-06,2016-Q2,5.212379057494869,7.500000000000001
2016-04-07,2016-Q2,5.212379057494869,7.500000000000001
2016-04-08,2016-Q2,5.212379057494869,7.500000000000001
2016-04-11,2016-Q2,4.964170530947494,7.142857142857143
2016-04-12,2016-Q2,4.964170530947494,7.142857142857143
2016-04-13,2016-Q2,5.013812236256969,7.214285714285714
2016-04-14,2016-Q2,5.013812236256969,7.214285714285714
2016-04-15,2016-Q2,5.013812236256969,7.214285714285714
2016-04-18,2016-Q2,5.013812236256969,7.214285714285714
2016-04-19,2016-Q2,5.013812236256969,7.214285714285714
2016-04-20,2016-Q2,5.262020762804344,7.571428571428572
2016-04-21,2016-Q2,5.11309564687592,7.357142857142858
2016-04-22,2016-Q2,5.262020762804345,7.571428571428572
2016-04-25,2016-Q2,5.162737352185395,7.42857142857143
2016-04-26,2016-Q2,4.91452882563802,7.071428571428572
2016-04-27,2016-Q2,5.063453941566445,7.285714285714286
2016-04-28,2016-Q2,5.063453941566445,7.285714285714286
2016-04-29,2016-Q2,4.815245415019071,6.928571428571429
2016-05-02,2016-Q2,5.013812236256971,7.214285714285714
2016-05-03,2016-Q2,5.013812236256971,7.214285714285714
2016-05-04,2016-Q2,4.8152454150190716,6.928571428571429
2016-05-05,2016-Q2,5.013812236256972,7.214285714285714
2016-05-06,2016-Q2,5.063453941566446,7.285714285714286
2016-05-09,2016-Q2,5.063453941566446,7.285714285714286
2016-05-10,2016-Q2,5.311662468113822,7.642857142857143
2016-05-11,2016-Q2,5.559870994661196,8.0
2016-05-12,2016-Q2,5.7584378158990965,8.285714285714286
2016-05-13,2016-Q2,5.559870994661196,8.0
2016-05-16,2016-Q2,5.808079521208572,8.357142857142858
2016-05-17,2016-Q2,6.056288047755947,8.714285714285714
2016-05-18,2016-Q2,6.354138279612798,9.142857142857144
2016-05-19,2016-Q2,6.651988511469648,9.571428571428571
2016-05-20,2016-Q2,6.354138279612798,9.142857142857144
2016-05-23,2016-Q2,6.056288047755947,8.714285714285714
2016-05-24,2016-Q2,5.808079521208572,8.357142857142858
2016-05-25,2016-Q2,5.957004637136998,8.571428571428571
2016-05-26,2016-Q2,6.2548548689938475,9.0
2016-05-27,2016-Q2,6.552705100850698,9.428571428571429
2016-05-30,2016-Q2,6.7512719220885975,9.714285714285715
2016-05-31,2016-Q2,7.049122153945449,10.142857142857142
2016-06-01,2016-Q2,6.949838743326499,
2016-06-02,2016-Q2,7.198047269873875,
2016-06-03,2016-Q2,6.999480448635976,
2016-06-06,2016-Q2,7.04912215394545,
2016-06-07,2016-Q2,7.297330680492825,
2016-06-08,2016-Q2,7.198047269873875,
2016-06-09,2016-Q2,7.5455392070402,
2016-06-10,2016-Q2,7.198047269873875,
2016-06-13,2016-Q2,7.04912215394545,
2016-06-14,2016-Q2,6.751271922088601,
2016-06-15,2016-Q2,6.701630216779126,
2016-06-16,2016-Q2,6.602346806160176,
2016-06-17,2016-Q2,6.900197038017025,
2016-06-20,2016-Q2,6.701630216779126,
2016-06-21,2016-Q2,6.403779984922276,
2016-06-22,2016-Q2,6.403779984922276,
2016-06-23,2016-Q2,6.403779984922276,
2016-06-24,2016-Q2,6.701630216779126,
2016-06-27,2016-Q2,6.4534216902317505,
2016-06-28,2016-Q2,6.4534216902317505,
2016-06-29,2016-Q2,6.4534216902317505,
2016-06-30,2016-Q2,6.651988511469651,
2016-07-01,2016-Q3,6.850555332707552,
2016-07-04,2016-Q3,6.552705100850701,
2016-07-05,2016-Q3,6.850555332707552,
2016-07-06,2016-Q3,6.850555332707552,
2016-07-07,2016-Q3,6.552705100850701,
2016-07-08,2016-Q3,6.254854868993851,
2016-07-11,2016-Q3,6.5527051008507025,
2016-07-12,2016-Q3,6.850555332707553,
2016-07-13,2016-Q3,7.148405564564403,
2016-07-14,2016-Q3,7.495897501730729,
2016-07-15,2016-Q3,7.843389438897055,
2016-07-18,2016-Q3,8.19088137606338,
2016-07-19,2016-Q3,8.588015018539181,
2016-07-20,2016-Q3,8.935506955705506,
2016-07-21,2016-Q3,8.88586525039603,
2016-07-22,2016-Q3,8.68729842915813,
2016-07-25,2016-Q3,8.885865250396028,
2016-07-26,2016-Q3,8.736940134467606,
2016-07-27,2016-Q3,8.339806491991805,
2016-07-28,2016-Q3,8.09159796544443,
2016-07-29,2016-Q3,8.439089902610753,
2016-08-01,2016-Q3,8.041956260134953,
2016-08-02,2016-Q3,8.439089902610753,
2016-08-03,2016-Q3,8.836223545086554,
2016-08-04,2016-Q3,9.233357187562355,
2016-08-05,2016-Q3,9.680132535347628,
2016-08-08,2016-Q3,10.126907883132901,
2016-08-09,2016-Q3,9.63049083003815,
2016-08-10,2016-Q3,9.183715482252877,
2016-08-11,2016-Q3,8.935506955705502,
2016-08-12,2016-Q3,8.935506955705502,
2016-08-15,2016-Q3,8.935506955705502,
2016-08-16,2016-Q3,8.488731607920228,
2016-08-17,2016-Q3,8.439089902610753,
2016-08-18,2016-Q3,8.687298429158128,
2016-08-19,2016-Q3,8.935506955705502,
2016-08-22,2016-Q3,8.488731607920228,
2016-08-23,2016-Q3,8.885865250396025,
2016-08-24,2016-Q3,8.885865250396025,
2016-08-25,2016-Q3,8.538373313229702,
2016-08-26,2016-Q3,8.538373313229702,
2016-08-29,2016-Q3,8.439089902610752,
2016-08-30,2016-Q3,8.836223545086552,
2016-08-31,2016-Q3,8.488731607920228,
2016-09-01,2016-Q3,8.439089902610753,
2016-09-02,2016-Q3,8.637656723848652,
2016-09-05,2016-Q3,8.637656723848652,
2016-09-06,2016-Q3,8.439089902610753,
2016-09-07,2016-Q3,8.836223545086554,
2016-09-08,2016-Q3,8.736940134467604,
2016-09-09,2016-Q3,8.439089902610753,
2016-09-12,2016-Q3,8.041956260134953,
2016-09-13,2016-Q3,8.041956260134953,
2016-09-14,2016-Q3,8.141239670753901,
2016-09-15,2016-Q3,8.538373313229702,
2016-09-16,2016-Q3,8.687298429158128,
2016-09-19,2016-Q3,8.588015018539178,
2016-09-20,2016-Q3,8.290164786682327,
2016-09-21,2016-Q3,8.488731607920228,
2016-09-22,2016-Q3,8.339806491991803,
2016-09-23,2016-Q3,8.389448197301277,
2016-09-26,2016-Q3,7.992314554825479,
2016-09-27,2016-Q3,7.5951809123496785,
2016-09-28,2016-Q3,7.446255796421254,
2016-09-29,2016-Q3,7.098763859254929,
2016-09-30,2016-Q3,7.346972385802306,
2016-10-03,2016-Q4,7.098763859254931,
2016-10-04,2016-Q4,6.850555332707555,
2016-10-05,2016-Q4,7.1484055645644045,
2016-10-06,2016-Q4,7.049122153945454,
2016-10-07,2016-Q4,6.949838743326505,
2016-10-10,2016-Q4,6.90019703801703,
2016-10-11,2016-Q4,6.90019703801703,
2016-10-12,2016-Q4,6.90019703801703,
2016-10-13,2016-Q4,6.60234680616018,
2016-10-14,2016-Q4,6.50306339554123,
2016-10-17,2016-Q4,6.900197038017031,
2016-10-18,2016-Q4,6.900197038017031,
2016-10-19,2016-Q4,6.70163021677913,
2016-10-20,2016-Q4,6.751271922088605,
2016-10-21,2016-Q4,6.60234680616018,
2016-10-24,2016-Q4,6.60234680616018,
2016-10-25,2016-Q4,6.60234680616018,
2016-10-26,2016-Q4,6.453421690231755,
2016-10-27,2016-Q4,6.850555332707555,
2016-10-28,2016-Q4,6.651988511469655,
2016-10-30,2016-Q4,6.751271922088605,
2016-10-31,2016-Q4,6.751271922088605,
2016-11-01,2016-Q4,7.396614091111781,
2016-11-02,2016-Q4,8.09159796544443,
2016-11-03,2016-Q4,7.6944643229686305,
2016-11-04,2016-Q4,7.346972385802304,
2016-11-07,2016-Q4,7.1980472698738796,
2016-11-08,2016-Q4,7.446255796421255,
2016-11-09,2016-Q4,7.098763859254931,
2016-11-10,2016-Q4,7.247688975183355,
2016-11-11,2016-Q4,6.90019703801703,
2016-11-14,2016-Q4,6.90019703801703,
2016-11-15,2016-Q4,6.90019703801703,
2016-11-16,2016-Q4,6.850555332707555,
2016-11-17,2016-Q4,6.552705100850704,
2016-11-18,2016-Q4,6.304496574303329,
2016-11-21,2016-Q4,6.155571458374904,
2016-11-22,2016-Q4,6.2052131636843795,
2016-11-23,2016-Q4,6.453421690231755,
2016-11-24,2016-Q4,6.552705100850704,
2016-11-25,2016-Q4,6.60234680616018,
2016-11-28,2016-Q4,6.90019703801703,
2016-11-29,2016-Q4,6.60234680616018,
2016-11-30,2016-Q4,6.651988511469655,
2016-12-01,2016-Q4,6.651988511469655,134.0
2016-12-02,2016-Q4,6.850555332707557,138.0
2016-12-05,2016-Q4,7.2476889751833555,146.0
2016-12-06,2016-Q4,7.59518091234968,153.0
2016-12-07,2016-Q4,7.49589750173073,151.0
2016-12-08,2016-Q4,6.999480448635979,141.0
2016-12-09,2016-Q4,7.148405564564406,144.0
2016-12-12,2016-Q4,7.396614091111782,149.0
2016-12-13,2016-Q4,7.2476889751833555,146.0
2016-12-14,2016-Q4,7.2476889751833555,146.0
2016-12-15,2016-Q4,7.049122153945456,141.99999999999997
2016-12-16,2016-Q4,7.2476889751833555,146.0
2016-12-19,2016-Q4,6.949838743326506,140.0
2016-12-20,2016-Q4,6.503063395541231,131.0
2016-12-21,2016-Q4,6.602346806160182,133.0
2016-12-22,2016-Q4,6.701630216779131,135.0
2016-12-23,2016-Q4,6.751271922088606,136.0
2016-12-26,2016-Q4,6.105929753065432,123.0
2016-12-27,2016-Q4,6.403779984922282,129.0
2016-12-28,2016-Q4,6.205213163684381,125.0
2016-12-29,2016-Q4,6.254854868993856,126.0
2016-12-30,2016-Q4,6.254854868993856,126.0
2017-01-02,2017-Q1,6.4037799849222825,129.0
2017-01-03,2017-Q1,6.651988511469658,134.0
2017-01-04,2017-Q1,6.651988511469658,134.0
2017-01-05,2017-Q1,6.9001970380170325,139.0
2017-01-06,2017-Q1,6.701630216779131,135.0
2017-01-09,2017-Q1,6.9001970380170325,139.0
2017-01-10,2017-Q1,6.602346806160183,133.0
2017-01-11,2017-Q1,6.949838743326508,140.0
2017-01-12,2017-Q1,7.148405564564409,144.0
2017-01-13,2017-Q1,7.148405564564409,144.0
2017-01-16,2017-Q1,6.900197038017034,139.0
2017-01-17,2017-Q1,6.949838743326509,140.0
2017-01-18,2017-Q1,7.54553920704021,151.99999999999997
2017-01-19,2017-Q1,6.999480448635984,141.0
2017-01-20,2017-Q1,7.297330680492835,146.99999999999997
2017-01-23,2017-Q1,6.999480448635985,141.0
2017-01-24,2017-Q1,6.999480448635985,141.0
2017-01-25,2017-Q1,6.999480448635985,141.0
2017-01-26,2017-Q1,6.999480448635985,141.0
2017-01-27,2017-Q1,7.396614091111786,149.0
2017-01-30,2017-Q1,6.94983874332651,140.0
2017-01-31,2017-Q1,7.198047269873887,145.0
2017-02-01,2017-Q1,7.297330680492837,146.99999999999997
2017-02-02,2017-Q1,6.949838743326512,140.0
2017-02-03,2017-Q1,7.098763859254938,143.0
2017-02-06,2017-Q1,7.793747733587589,156.99999999999997
2017-02-07,2017-Q1,9.332640598181317,188.0
2017-02-08,2017-Q1,9.382282303490792,189.0
2017-02-09,2017-Q1,8.687298429158142,175.0
2017-02-10,2017-Q1,8.339806491991817,168.0
2017-02-13,2017-Q1,7.843389438897066,158.0
2017-02-14,2017-Q1,7.942672849516015,160.0
2017-02-15,2017-Q1,7.843389438897065,158.0
2017-02-16,2017-Q1,8.041956260134965,161.99999999999997
2017-02-17,2017-Q1,8.09159796544444,163.0
2017-02-20,2017-Q1,9.680132535347642,195.0
2017-02-21,2017-Q1,10.375116409680292,
2017-02-22,2017-Q1,9.779415945966592,197.0
2017-02-23,2017-Q1,9.829057651276068,198.0
2017-02-24,2017-Q1,9.829057651276068,198.0
2017-02-27,2017-Q1,9.531207419419218,192.0
2017-02-28,2017-Q1,9.580849124728694,193.0
2017-03-01,2017-Q1,9.630490830038166,11.14942528735632
2017-03-02,2017-Q1,9.481565714109744,10.977011494252874
2017-03-03,2017-Q1,9.134073776943417,10.57471264367816
2017-03-06,2017-Q1,8.935506955705518,10.344827586206897
2017-03-07,2017-Q1,8.836223545086568,10.229885057471265
2017-03-08,2017-Q1,8.786581839777092,10.172413793103448
2017-03-09,2017-Q1,8.389448197301292,9.71264367816092
2017-03-10,2017-Q1,8.637656723848666,10.0
2017-03-13,2017-Q1,8.637656723848666,10.0
2017-03-14,2017-Q1,8.98514866101499,10.402298850574711
2017-03-15,2017-Q1,9.431924008800268,10.919540229885058
2017-03-16,2017-Q1,9.134073776943415,10.57471264367816
2017-03-17,2017-Q1,9.332640598181317,10.804597701149426
2017-03-20,2017-Q1,9.779415945966592,11.32183908045977
2017-03-21,2017-Q1,10.226191293751869,11.839080459770116
2017-03-22,2017-Q1,10.72260834684662,12.413793103448278
2017-03-23,2017-Q1,10.970816873393995,12.701149425287356
2017-03-24,2017-Q1,11.41759222117927,13.218390804597702
2017-03-27,2017-Q1,11.81472586365507,13.67816091954023
2017-03-28,2017-Q1,12.062934390202445,13.965517241379311
2017-03-29,2017-Q1,11.665800747726644,13.505747126436782
2017-03-30,2017-Q1,11.169383694631893,12.93103448275862
2017-03-31,2017-Q1,11.219025399941367,12.988505747126435
2017-04-03,2017-Q2,11.169383694631891,12.93103448275862
2017-04-04,2017-Q2,11.169383694631891,12.93103448275862
2017-04-05,2017-Q2,11.119741989322415,12.873563218390805
2017-04-06,2017-Q2,11.020458578703467,12.758620689655173
2017-04-07,2017-Q2,10.921175168084517,12.64367816091954
2017-04-10,2017-Q2,11.417592221179268,13.218390804597702
2017-04-11,2017-Q2,11.963650979583495,13.85057471264368
2017-04-12,2017-Q2,12.062934390202445,13.965517241379311
2017-04-13,2017-Q2,11.864367568964543,13.735632183908043
2017-04-14,2017-Q2,11.864367568964543,13.735632183908043
2017-04-17,2017-Q2,12.410426327368768,14.367816091954024
2017-04-18,2017-Q2,13.00612679108247,15.057471264367816
2017-04-19,2017-Q2,13.651468960105648,15.804597701149426
2017-04-20,2017-Q2,14.296811129128827,16.551724137931036
2017-04-21,2017-Q2,14.991795003461478,17.356321839080458
2017-04-24,2017-Q2,15.736420583103603,18.2183908045977
2017-04-25,2017-Q2,16.48104616274573,19.080459770114945
2017-04-26,2017-Q2,17.275313447697332,20.0
2017-04-27,2017-Q2,16.580329573364683,19.19540229885057
2017-04-28,2017-Q2,16.08391252026993,18.620689655172413
2017-05-01,2017-Q2,16.08391252026993,18.620689655172413
2017-05-02,2017-Q2,15.28964523531833,17.70114942528736
2017-05-03,2017-Q2,14.545019655676205,16.839080459770116
2017-05-04,2017-Q2,15.240003530008858,17.64367816091954
2017-05-05,2017-Q2,14.644303066295155,16.95402298850575
2017-05-08,2017-Q2,14.048602602581452,16.264367816091955
2017-05-09,2017-Q2,13.701110665415127,15.862068965517242
2017-05-10,2017-Q2,14.346452834438303,16.609195402298848
2017-05-11,2017-Q2,14.991795003461478,17.356321839080458
2017-05-12,2017-Q2,14.644303066295151,16.95402298850575
2017-05-15,2017-Q2,14.693944771604626,17.011494252873565
2017-05-16,2017-Q2,14.1478860132004,16.379310344827587
2017-05-17,2017-Q2,14.296811129128827,16.551724137931036
2017-05-18,2017-Q2,13.601827254796174,15.747126436781608
2017-05-19,2017-Q2,14.048602602581452,16.264367816091955
2017-05-22,2017-Q2,13.403260433558277,15.517241379310343
2017-05-23,2017-Q2,12.857201675154052,14.885057471264368
2017-05-24,2017-Q2,12.26150121144035,14.195402298850574
2017-05-25,2017-Q2,12.1622178008214,14.080459770114942
2017-05-26,2017-Q2,12.7579182645351,14.770114942528735
2017-05-29,2017-Q2,12.1622178008214,14.080459770114942
2017-05-30,2017-Q2,11.5665173371077,13.39080459770115
2017-05-31,2017-Q2,11.020458578703472,12.758620689655173
2017-06-01,2017-Q2,10.474399820299247,
2017-06-02,2017-Q2,9.977982767204495,
2017-06-05,2017-Q2,9.481565714109744,
2017-06-06,2017-Q2,9.034790366324467,
2017-06-07,2017-Q2,8.58801501853919,
2017-06-08,2017-Q2,8.19088137606339,
2017-06-09,2017-Q2,7.793747733587589,
2017-06-12,2017-Q2,7.446255796421263,
2017-06-13,2017-Q2,7.247688975183362,
2017-06-14,2017-Q2,7.595180912349687,
2017-06-15,2017-Q2,7.942672849516013,
2017-06-16,2017-Q2,8.339806491991814,
2017-06-19,2017-Q2,8.736940134467615,
2017-06-20,2017-Q2,9.034790366324465,
2017-06-21,2017-Q2,8.98514866101499,
2017-06-22,2017-Q2,9.084432071633941,
2017-06-23,2017-Q2,8.78658183977709,
2017-06-26,2017-Q2,8.78658183977709,
2017-06-27,2017-Q2,9.084432071633941,
2017-06-28,2017-Q2,8.736940134467616,
2017-06-29,2017-Q2,8.339806491991816,
2017-06-30,2017-Q2,8.339806491991816,
2017-07-03,2017-Q3,8.389448197301292,
2017-07-04,2017-Q3,8.190881376063391,
2017-07-05,2017-Q3,8.240523081372865,
2017-07-06,2017-Q3,8.19088137606339,
2017-07-07,2017-Q3,8.339806491991816,
2017-07-10,2017-Q3,8.041956260134965,
2017-07-11,2017-Q3,7.99231455482549,
2017-07-12,2017-Q3,8.09159796544444,
2017-07-13,2017-Q3,7.942672849516015,
2017-07-14,2017-Q3,7.942672849516015,
2017-07-17,2017-Q3,7.644822617659164,
2017-07-18,2017-Q3,7.793747733587589,
2017-07-19,2017-Q3,8.141239670753915,
2017-07-20,2017-Q3,7.992314554825491,
2017-07-21,2017-Q3,8.091597965444441,
2017-07-24,2017-Q3,7.8930311442065415,
2017-07-25,2017-Q3,7.79374773358759,
2017-07-26,2017-Q3,7.942672849516015,
2017-07-27,2017-Q3,7.595180912349689,
2017-07-28,2017-Q3,7.495897501730737,
2017-07-31,2017-Q3,7.545539207040212,
2017-08-01,2017-Q3,7.893031144206539,
2017-08-02,2017-Q3,8.240523081372864,
2017-08-03,2017-Q3,8.637656723848664,
2017-08-04,2017-Q3,9.034790366324463,
2017-08-07,2017-Q3,9.928341061895015,
2017-08-08,2017-Q3,10.921175168084519,
2017-08-09,2017-Q3,12.013292684892967,
2017-08-10,2017-Q3,11.417592221179268,
2017-08-11,2017-Q3,10.87153346277504,
2017-08-14,2017-Q3,10.37511640968029,
2017-08-15,2017-Q3,10.37511640968029,
2017-08-16,2017-Q3,10.87153346277504,
2017-08-17,2017-Q3,11.367950515869792,
2017-08-18,2017-Q3,11.914009274274019,
2017-08-21,2017-Q3,11.864367568964541,
2017-08-22,2017-Q3,11.318308810560316,
2017-08-23,2017-Q3,11.219025399941366,
2017-08-24,2017-Q3,10.821891757465565,
2017-08-25,2017-Q3,10.821891757465565,
2017-08-28,2017-Q3,10.921175168084515,
2017-08-29,2017-Q3,10.524041525608714,
2017-08-30,2017-Q3,10.722608346846615,
2017-08-31,2017-Q3,10.672966641537139,
2017-09-01,2017-Q3,11.169383694631891,14.61038961038961
2017-09-04,2017-Q3,11.715442453036118,15.324675324675326
2017-09-05,2017-Q3,12.211859506130867,15.974025974025974
2017-09-06,2017-Q3,12.80755996984457,16.753246753246753
2017-09-07,2017-Q3,13.403260433558268,17.532467532467532
2017-09-08,2017-Q3,14.048602602581447,18.37662337662337
2017-09-11,2017-Q3,14.743586476914096,19.285714285714285
2017-09-12,2017-Q3,14.048602602581445,18.37662337662337
2017-09-13,2017-Q3,13.353618728248792,17.467532467532465
2017-09-14,2017-Q3,12.857201675154041,16.818181818181817
2017-09-15,2017-Q3,13.006126791082467,17.01298701298701
2017-09-18,2017-Q3,12.460068032678242,16.2987012987013
2017-09-19,2017-Q3,11.914009274274015,15.584415584415584
2017-09-20,2017-Q3,12.36078462205929,16.16883116883117
2017-09-21,2017-Q3,11.76508415834559,15.38961038961039
2017-09-22,2017-Q3,11.219025399941366,14.675324675324676
2017-09-25,2017-Q3,10.672966641537139,13.96103896103896
2017-09-26,2017-Q3,11.169383694631891,14.61038961038961
2017-09-27,2017-Q3,10.87153346277504,14.22077922077922
2017-09-28,2017-Q3,11.367950515869792,14.870129870129867
2017-09-29,2017-Q3,11.467233926488742,15.0
2017-10-02,2017-Q4,11.467233926488742,15.0
2017-10-03,2017-Q4,11.417592221179266,14.935064935064934
2017-10-04,2017-Q4,11.914009274274017,15.584415584415584
2017-10-05,2017-Q4,12.460068032678244,16.2987012987013
2017-10-06,2017-Q4,12.857201675154045,16.818181818181817
2017-10-09,2017-Q4,12.906843380463519,16.883116883116884
2017-10-10,2017-Q4,12.410426327368768,16.233766233766232
2017-10-11,2017-Q4,12.60899314860667,16.49350649350649
2017-10-12,2017-Q4,12.013292684892969,15.714285714285714
2017-10-13,2017-Q4,11.616159042417168,15.194805194805191
2017-10-16,2017-Q4,11.21902539994137,14.675324675324676
2017-10-17,2017-Q4,11.31830881056032,14.805194805194803
2017-10-18,2017-Q4,10.970816873393993,14.350649350649352
2017-10-19,2017-Q4,10.722608346846616,14.025974025974026
2017-10-20,2017-Q4,10.722608346846616,14.025974025974026
2017-10-23,2017-Q4,11.020458578703467,14.415584415584414
2017-10-24,2017-Q4,10.921175168084517,14.285714285714285
2017-10-25,2017-Q4,10.424758114989766,13.636363636363637
2017-10-26,2017-Q4,10.37511640968029,13.57142857142857
2017-10-27,2017-Q4,10.27583299906134,13.44155844155844
2017-10-30,2017-Q4,9.878699356585539,12.92207792207792
2017-10-31,2017-Q4,10.17654958844239,13.311688311688313
2017-11-01,2017-Q4,10.17654958844239,13.311688311688313
2017-11-02,2017-Q4,10.226191293751864,13.376623376623376
2017-11-03,2017-Q4,10.27583299906134,13.44155844155844
2017-11-06,2017-Q4,10.325474704370814,13.506493506493507
2017-11-07,2017-Q4,9.97798276720449,13.051948051948052
2017-11-08,2017-Q4,9.481565714109738,12.402597402597404
2017-11-09,2017-Q4,9.729774240657113,12.727272727272728
2017-11-10,2017-Q4,9.282998892871834,12.142857142857142
2017-11-13,2017-Q4,9.084432071633936,11.883116883116884
2017-11-14,2017-Q4,9.03479036632446,11.818181818181817
2017-11-15,2017-Q4,9.03479036632446,11.818181818181817
2017-11-16,2017-Q4,8.885865250396034,11.623376623376622
2017-11-17,2017-Q4,9.282998892871833,12.142857142857142
2017-11-20,2017-Q4,9.531207419419209,12.467532467532466
2017-11-21,2017-Q4,9.481565714109733,12.402597402597404
2017-11-22,2017-Q4,9.282998892871833,12.142857142857142
2017-11-23,2017-Q4,8.935506955705508,11.688311688311687
2017-11-24,2017-Q4,8.985148661014982,11.753246753246756
2017-11-27,2017-Q4,9.332640598181309,12.207792207792208
2017-11-28,2017-Q4,9.084432071633934,11.883116883116884
2017-11-29,2017-Q4,9.183715482252884,12.012987012987011
2017-11-30,2017-Q4,9.23335718756236,12.07792207792208
2017-12-01,2017-Q4,9.134073776943408,24.864864864864863
2017-12-04,2017-Q4,9.233357187562358,25.135135135135137
2017-12-05,2017-Q4,9.431924008800259,25.67567567567568
2017-12-06,2017-Q4,9.332640598181309,25.405405405405407
2017-12-07,2017-Q4,9.134073776943408,24.864864864864863
2017-12-08,2017-Q4,9.332640598181309,25.405405405405407
2017-12-11,2017-Q4,9.134073776943408,24.864864864864863
2017-12-12,2017-Q4,9.282998892871833,25.27027027027027
2017-12-13,2017-Q4,9.183715482252882,25.0
2017-12-14,2017-Q4,10.077266177823434,27.432432432432435
2017-12-15,2017-Q4,11.070100284012936,30.135135135135137
2017-12-18,2017-Q4,12.162217800821386,33.108108108108105
2017-12-19,2017-Q4,12.757918264535085,34.729729729729726
2017-12-20,2017-Q4,13.353618728248787,36.35135135135135
2017-12-21,2017-Q4,13.998960897271962,38.108108108108105
2017-12-22,2017-Q4,14.693944771604613,40.0
2017-12-25,2017-Q4,14.693944771604613,40.0
2017-12-26,2017-Q4,14.197527718509864,38.64864864864865
2017-12-27,2017-Q4,14.693944771604617,40.0
2017-12-28,2017-Q4,15.388928645937266,41.891891891891895
2017-12-29,2017-Q4,16.133554225579392,43.91891891891892
2018-01-01,2018-Q1,16.92782151053099,46.08108108108108
2018-01-02,2018-Q1,16.083912520269912,43.78378378378378
2018-01-03,2018-Q1,15.289645235318313,41.62162162162162
2018-01-04,2018-Q1,14.693944771604611,40.0
2018-01-05,2018-Q1,14.197527718509862,38.64864864864865
2018-01-08,2018-Q1,14.892511592842514,40.54054054054054
2018-01-09,2018-Q1,15.637137172484639,42.567567567567565
2018-01-10,2018-Q1,16.381762752126765,44.5945945945946
2018-01-11,2018-Q1,17.176030037078366,46.75675675675676
2018-01-12,2018-Q1,18.01993902733944,49.05405405405405
2018-01-15,2018-Q1,18.913489722909993,51.48648648648649
2018-01-16,2018-Q1,18.516356080434193,50.4054054054054
2018-01-17,2018-Q1,18.21850584857734,49.5945945945946
2018-01-18,2018-Q1,17.42423856362574,47.43243243243244
2018-01-19,2018-Q1,16.977463215840466,46.21621621621622
2018-01-22,2018-Q1,16.183195930888864,44.054054054054056
2018-01-23,2018-Q1,16.083912520269912,43.78378378378378
2018-01-24,2018-Q1,15.885345699032012,43.24324324324324
2018-01-25,2018-Q1,15.537853761865687,42.2972972972973
2018-01-26,2018-Q1,15.537853761865687,42.2972972972973
2018-01-29,2018-Q1,15.19036182469936,41.35135135135136
2018-01-30,2018-Q1,15.140720119389885,41.21621621621622
2018-01-31,2018-Q1,15.438570351246733,42.02702702702703
2018-02-01,2018-Q1,14.842869887533032,40.4054054054054
2018-02-02,2018-Q1,14.147886013200383,38.51351351351352
2018-02-05,2018-Q1,13.651468960105634,37.16216216216216
2018-02-06,2018-Q1,13.452902138867733,36.62162162162162
2018-02-07,2018-Q1,14.098244307890907,38.37837837837838
2018-02-08,2018-Q1,14.793228182223558,40.270270270270274
2018-02-09,2018-Q1,15.190361824699357,41.35135135135136
2018-02-12,2018-Q1,15.934987404341483,43.37837837837838
2018-02-13,2018-Q1,15.934987404341483,43.37837837837838
2018-02-14,2018-Q1,16.13355422557938,43.91891891891892
2018-02-15,2018-Q1,15.339286940627781,41.75675675675676
2018-02-16,2018-Q1,14.594661360985656,39.729729729729726
2018-02-19,2018-Q1,13.899677486653006,37.83783783783784
2018-02-20,2018-Q1,13.303977022939307,36.21621621621622
2018-02-21,2018-Q1,13.70111066541511,37.2972972972973
2018-02-22,2018-Q1,13.452902138867733,36.62162162162162
2018-02-23,2018-Q1,13.303977022939307,36.21621621621622
2018-02-26,2018-Q1,13.949319191962482,37.972972972972975
2018-02-27,2018-Q1,14.644303066295132,39.86486486486486
2018-02-28,2018-Q1,14.892511592842505,40.54054054054054
2018-03-01,2018-Q1,14.842869887533029,19.933333333333334
2018-03-02,2018-Q1,14.842869887533029,19.933333333333334
2018-03-05,2018-Q1,14.495377950366702,19.466666666666665
2018-03-06,2018-Q1,14.048602602581429,18.866666666666667
2018-03-07,2018-Q1,13.353618728248778,17.933333333333334
2018-03-08,2018-Q1,13.403260433558254,18.0
2018-03-09,2018-Q1,13.552185549486678,18.2
2018-03-12,2018-Q1,13.651468960105628,18.33333333333333
2018-03-13,2018-Q1,13.452902138867728,18.066666666666663
2018-03-14,2018-Q1,13.353618728248774,17.933333333333334
2018-03-15,2018-Q1,13.998960897271951,18.8
2018-03-16,2018-Q1,14.247169423819324,19.133333333333333
2018-03-19,2018-Q1,13.949319191962473,18.73333333333333
2018-03-20,2018-Q1,13.651468960105625,18.33333333333333
2018-03-21,2018-Q1,13.006126791082451,17.466666666666665
2018-03-22,2018-Q1,12.460068032678226,16.733333333333334
2018-03-23,2018-Q1,12.261501211440326,16.466666666666665
2018-03-26,2018-Q1,12.757918264535075,17.133333333333333
2018-03-27,2018-Q1,13.055768496391925,17.533333333333335
2018-03-28,2018-Q1,12.559351443297176,16.866666666666667
2018-03-29,2018-Q1,12.559351443297176,16.866666666666667
2018-03-30,2018-Q1,12.559351443297176,16.866666666666667
2018-04-02,2018-Q2,12.906843380463503,17.333333333333332
2018-04-03,2018-Q2,12.708276559225602,17.066666666666666
2018-04-04,2018-Q2,12.410426327368754,16.666666666666668
2018-04-05,2018-Q2,12.608993148606652,16.933333333333334
2018-04-06,2018-Q2,13.452902138867728,18.066666666666663
2018-04-09,2018-Q2,13.452902138867728,18.066666666666663
2018-04-10,2018-Q2,13.502543844177202,18.133333333333333
2018-04-11,2018-Q2,13.60182725479615,18.266666666666666
2018-04-12,2018-Q2,13.303977022939302,17.866666666666667
2018-04-13,2018-Q2,13.899677486653001,18.666666666666668
2018-04-16,2018-Q2,13.80039407603405,18.53333333333333
2018-04-17,2018-Q2,13.452902138867728,18.066666666666663
2018-04-18,2018-Q2,13.353618728248774,17.933333333333334
2018-04-19,2018-Q2,13.403260433558252,18.0
2018-04-20,2018-Q2,13.403260433558252,18.0
2018-04-23,2018-Q2,13.006126791082451,17.466666666666665
2018-04-24,2018-Q2,13.403260433558252,18.0
2018-04-25,2018-Q2,12.906843380463501,17.333333333333332
2018-04-26,2018-Q2,12.857201675154025,17.266666666666666
2018-04-27,2018-Q2,12.60899314860665,16.933333333333334
2018-04-30,2018-Q2,12.460068032678226,16.733333333333334
2018-05-01,2018-Q2,12.460068032678226,16.733333333333334
2018-05-02,2018-Q2,12.013292684892951,16.133333333333333
2018-05-03,2018-Q2,11.566517337107676,15.533333333333331
2018-05-04,2018-Q2,11.467233926488726,15.4
2018-05-07,2018-Q2,12.112576095511901,16.266666666666666
2018-05-08,2018-Q2,11.814725863655053,15.866666666666667
2018-05-09,2018-Q2,11.814725863655053,15.866666666666667
2018-05-10,2018-Q2,11.417592221179254,15.333333333333334
2018-05-11,2018-Q2,11.715442453036104,15.733333333333334
2018-05-14,2018-Q2,10.672966641537128,14.333333333333334
2018-05-15,2018-Q2,10.62332493622765,14.266666666666666
2018-05-16,2018-Q2,10.1269078831329,13.6
2018-05-17,2018-Q2,10.672966641537126,14.333333333333334
2018-05-18,2018-Q2,10.772250052156076,14.466666666666669
2018-05-21,2018-Q2,10.375116409680276,13.933333333333332
2018-05-22,2018-Q2,10.474399820299224,14.066666666666668
2018-05-23,2018-Q2,10.22619129375185,13.733333333333334
2018-05-24,2018-Q2,10.474399820299224,14.066666666666668
2018-05-25,2018-Q2,10.3254747043708,13.866666666666667
2018-05-28,2018-Q2,10.672966641537123,14.333333333333334
2018-05-29,2018-Q2,11.715442453036099,15.733333333333334
2018-05-30,2018-Q2,12.857201675154023,17.266666666666666
2018-05-31,2018-Q2,14.098244307890898,18.933333333333334
2018-06-01,2018-Q2,14.545019655676173,22.19696969696969
2018-06-04,2018-Q2,15.240003530008826,23.257575757575754
2018-06-05,2018-Q2,15.6867788777941,23.939393939393938
2018-06-06,2018-Q2,15.289645235318302,23.33333333333333
2018-06-07,2018-Q2,15.240003530008826,23.257575757575754
2018-06-08,2018-Q2,15.240003530008826,23.257575757575754
2018-06-11,2018-Q2,15.537853761865675,23.71212121212121
2018-06-12,2018-Q2,15.6867788777941,23.939393939393938
2018-06-13,2018-Q2,15.438570351246728,23.560606060606062
2018-06-14,2018-Q2,15.835703993722527,24.166666666666664
2018-06-15,2018-Q2,16.0839125202699,24.545454545454543
2018-06-18,2018-Q2,15.58749546717515,23.787878787878785
2018-06-19,2018-Q2,15.885345699032001,24.24242424242424
2018-06-20,2018-Q2,16.629971278674127,25.37878787878788
2018-06-21,2018-Q2,17.0767466264594,26.06060606060606
2018-06-22,2018-Q2,16.481046162745702,25.151515151515152
2018-06-25,2018-Q2,15.6867788777941,23.939393939393938
2018-06-26,2018-Q2,15.0910784140804,23.030303030303028
2018-06-27,2018-Q2,14.39609453974775,21.96969696969697
2018-06-28,2018-Q2,13.7011106654151,20.90909090909091
2018-06-29,2018-Q2,13.055768496391925,19.924242424242426
2018-07-02,2018-Q3,12.410426327368752,18.939393939393938
2018-07-03,2018-Q3,11.814725863655053,18.03030303030303
2018-07-04,2018-Q3,11.516875631798202,17.575757575757574
2018-07-05,2018-Q3,11.417592221179252,17.424242424242422
2018-07-06,2018-Q3,11.516875631798202,17.575757575757574
2018-07-09,2018-Q3,11.219025399941353,17.12121212121212
2018-07-10,2018-Q3,11.765084158345577,17.954545454545453
2018-07-11,2018-Q3,12.311142916749803,18.78787878787879
2018-07-12,2018-Q3,12.857201675154025,19.62121212121212
2018-07-13,2018-Q3,13.055768496391929,19.924242424242426
2018-07-16,2018-Q3,12.410426327368754,18.939393939393938
2018-07-17,2018-Q3,12.857201675154029,19.62121212121212
2018-07-18,2018-Q3,12.261501211440327,18.71212121212121
2018-07-19,2018-Q3,11.665800747726628,17.8030303030303
2018-07-20,2018-Q3,11.516875631798202,17.575757575757574
2018-07-23,2018-Q3,12.062934390202429,18.40909090909091
2018-07-24,2018-Q3,12.65863485391613,19.318181818181817
2018-07-25,2018-Q3,12.906843380463505,19.69696969696969
2018-07-26,2018-Q3,13.105410201701405,20.0
2018-07-27,2018-Q3,12.608993148606656,19.24242424242424
2018-07-30,2018-Q3,13.204693612320357,20.151515151515152
2018-07-31,2018-Q3,13.85003578134353,21.13636363636364
2018-08-01,2018-Q3,14.495377950366706,22.12121212121212
2018-08-02,2018-Q3,15.190361824699355,23.181818181818183
2018-08-03,2018-Q3,15.93498740434148,24.318181818181817
2018-08-06,2018-Q3,16.729254689293082,25.53030303030303
2018-08-07,2018-Q3,17.52352197424468,26.74242424242424
2018-08-08,2018-Q3,18.367430964505758,28.030303030303028
2018-08-09,2018-Q3,19.260981660076304,29.39393939393939
2018-08-10,2018-Q3,20.20417406095633,30.833333333333336
2018-08-13,2018-Q3,21.197008167145828,32.34848484848485
2018-08-14,2018-Q3,22.2394839786448,33.93939393939394
2018-08-15,2018-Q3,22.2394839786448,33.93939393939394
2018-08-16,2018-Q3,23.331601495453256,35.6060606060606
2018-08-17,2018-Q3,24.47336071757118,37.34848484848485
2018-08-20,2018-Q3,23.281959790143777,35.530303030303024
2018-08-21,2018-Q3,22.140200568025858,33.78787878787879
2018-08-22,2018-Q3,22.140200568025858,33.78787878787879
2018-08-23,2018-Q3,21.048083051217404,32.12121212121212
2018-08-24,2018-Q3,20.551665998122655,31.36363636363636
2018-08-27,2018-Q3,20.353099176884754,31.06060606060606
2018-08-28,2018-Q3,19.459548481314204,29.6969696969697
2018-08-29,2018-Q3,18.565997785743654,28.33333333333333
2018-08-30,2018-Q3,19.459548481314208,29.6969696969697
2018-08-31,2018-Q3,20.40274088219423,31.13636363636364
2018-09-03,2018-Q3,20.60130770343213,31.439393939393938
2018-09-04,2018-Q3,19.60847359724263,29.924242424242426
2018-09-05,2018-Q3,20.005607239718426,30.530303030303028
2018-09-06,2018-Q3,20.998441345907924,32.04545454545454
2018-09-07,2018-Q3,22.040917157406902,33.63636363636363
2018-09-10,2018-Q3,23.133034674215356,35.303030303030305
2018-09-11,2018-Q3,24.175510485714334,36.89393939393939
2018-09-12,2018-Q3,25.366911413141736,38.71212121212121
2018-09-13,2018-Q3,25.366911413141736,38.71212121212121
2018-09-14,2018-Q3,26.60795404587861,40.6060606060606
2018-09-17,2018-Q3,27.89863838392496,42.57575757575758
2018-09-18,2018-Q3,28.047563499853382,42.80303030303031
2018-09-19,2018-Q3,26.657595751188083,40.68181818181818
2018-09-20,2018-Q3,26.657595751188083,40.68181818181818
2018-09-21,2018-Q3,25.366911413141732,38.71212121212121
2018-09-24,2018-Q3,24.125868780404854,36.81818181818182
2018-09-25,2018-Q3,22.934467852977452,35.0
2018-09-26,2018-Q3,21.79270863085953,33.25757575757576
2018-09-27,2018-Q3,22.835184442358507,34.848484848484844
2018-09-28,2018-Q3,21.99127545209743,33.560606060606055
2018-10-01,2018-Q4,23.083392968905883,35.22727272727273
2018-10-02,2018-Q4,23.083392968905883,35.22727272727273
2018-10-03,2018-Q4,23.579810022000633,35.984848484848484
2018-10-04,2018-Q4,22.487692505192182,34.31818181818181
2018-10-05,2018-Q4,21.594141809621632,32.95454545454545
2018-10-08,2018-Q4,21.693425220240588,33.10606060606061
2018-10-09,2018-Q4,20.849516229979507,31.818181818181817
2018-10-10,2018-Q4,21.743066925550053,33.18181818181818
2018-10-11,2018-Q4,20.998441345907928,32.04545454545454
2018-10-12,2018-Q4,23.08339296890588,35.22727272727273
2018-10-15,2018-Q4,25.366911413141732,38.71212121212121
2018-10-16,2018-Q4,25.515836529070157,38.93939393939394
2018-10-17,2018-Q4,23.13303467421536,35.303030303030305
2018-10-18,2018-Q4,23.13303467421536,35.303030303030305
2018-10-19,2018-Q4,25.11870288659436,38.333333333333336
2018-10-22,2018-Q4,23.679093432619585,36.13636363636364
2018-10-23,2018-Q4,23.579810022000633,35.984848484848484
2018-10-24,2018-Q4,22.835184442358507,34.848484848484844
2018-10-25,2018-Q4,21.445216693693204,32.72727272727273
2018-10-26,2018-Q4,21.197008167145828,32.34848484848485
2018-10-29,2018-Q4,22.6366176211206,34.54545454545455
2018-10-30,2018-Q4,22.735901031739548,34.696969696969695
2018-10-31,2018-Q4,23.48052661138167,35.83333333333333
2018-11-01,2018-Q4,23.28195979014377,35.530303030303024
2018-11-02,2018-Q4,22.58697591581112,34.46969696969697
2018-11-05,2018-Q4,22.189842273335323,33.86363636363637
2018-11-06,2018-Q4,22.23948397864479,33.93939393939394
2018-11-07,2018-Q4,22.438050799882696,34.24242424242424
2018-11-08,2018-Q4,22.438050799882696,34.24242424242424
2018-11-09,2018-Q4,21.594141809621618,32.95454545454545
2018-11-12,2018-Q4,21.395574988383718,32.65151515151515
2018-11-13,2018-Q4,21.643783514931094,33.03030303030303
2018-11-14,2018-Q4,19.856682123789994,30.3030303030303
2018-11-15,2018-Q4,20.204174060956323,30.833333333333336
2018-11-16,2018-Q4,19.856682123789994,30.3030303030303
2018-11-19,2018-Q4,20.551665998122644,31.36363636363636
2018-11-20,2018-Q4,20.00560723971842,30.530303030303028
2018-11-21,2018-Q4,19.658115302552094,30.0
2018-11-22,2018-Q4,19.012773133528917,29.015151515151512
2018-11-23,2018-Q4,19.012773133528917,29.015151515151512
2018-11-26,2018-Q4,18.863848017600493,28.787878787878785
2018-11-27,2018-Q4,18.71492290167207,28.560606060606062
2018-11-28,2018-Q4,17.871013911410994,27.27272727272727
2018-11-29,2018-Q4,16.927821510530972,25.83333333333333
2018-11-30,2018-Q4,15.736420583103572,24.015151515151512
2018-12-03,2018-Q4,15.438570351246724,23.560606060606062
2018-12-04,2018-Q4,15.041436708770922,22.954545454545453
2018-12-05,2018-Q4,15.786062288413047,24.09090909090909
2018-12-06,2018-Q4,16.53068786805517,25.227272727272723
2018-12-07,2018-Q4,17.32495515300677,26.439393939393938
2018-12-10,2018-Q4,18.168864143267847,27.727272727272727
2018-12-11,2018-Q4,19.062414838838393,29.09090909090909
2018-12-12,2018-Q4,20.00560723971842,30.530303030303028
2018-12-13,2018-Q4,19.012773133528917,29.015151515151512
2018-12-14,2018-Q4,18.168864143267843,27.727272727272727
2018-12-17,2018-Q4,17.275313447697293,26.36363636363636
2018-12-18,2018-Q4,18.119222437958367,27.65151515151515
2018-12-19,2018-Q4,19.012773133528917,29.015151515151512
2018-12-20,2018-Q4,18.069580732648895,27.57575757575757
2018-12-21,2018-Q4,17.771730500792046,27.12121212121212
2018-12-24,2018-Q4,16.927821510530972,25.83333333333333
2018-12-25,2018-Q4,16.927821510530972,25.83333333333333
2018-12-26,2018-Q4,16.13355422557937,24.62121212121212
2018-12-27,2018-Q4,16.878179805221496,25.75757575757576
2018-12-28,2018-Q4,16.828538099912024,25.68181818181818
2018-12-31,2018-Q4,16.4810461627457,25.151515151515152
2019-01-01,2019-Q1,16.927821510530972,25.83333333333333
2019-01-02,2019-Q1,16.381762752126747,25.0
2019-01-03,2019-Q1,15.736420583103572,24.015151515151512
2019-01-04,2019-Q1,16.232837636198322,24.77272727272728
2019-01-07,2019-Q1,16.03427081496042,24.469696969696965
2019-01-08,2019-Q1,16.629971278674116,25.37878787878788
2019-01-09,2019-Q1,15.885345699031992,24.24242424242424
2019-01-10,2019-Q1,15.885345699031992,24.24242424242424
2019-01-11,2019-Q1,15.43857035124672,23.560606060606062
2019-01-14,2019-Q1,15.488212056556193,23.63636363636364
2019-01-15,2019-Q1,15.984629109650944,24.393939393939394
2019-01-16,2019-Q1,15.63713717248462,23.863636363636363
2019-01-17,2019-Q1,15.488212056556193,23.63636363636364
2019-01-18,2019-Q1,15.43857035124672,23.560606060606062
2019-01-21,2019-Q1,15.14072011938987,23.10606060606061
2019-01-22,2019-Q1,14.64430306629512,22.348484848484848
2019-01-23,2019-Q1,14.296811129128796,21.818181818181817
2019-01-24,2019-Q1,13.651468960105621,20.83333333333333
2019-01-25,2019-Q1,13.055768496391922,19.924242424242426
2019-01-28,2019-Q1,12.410426327368748,18.939393939393938
2019-01-29,2019-Q1,11.914009274273997,18.18181818181818
2019-01-30,2019-Q1,12.509709737987698,19.09090909090909
2019-01-31,2019-Q1,13.1054102017014,20.0
2019-02-01,2019-Q1,13.750752370724575,20.984848484848484
2019-02-04,2019-Q1,14.247169423819326,21.74242424242424
2019-02-05,2019-Q1,13.552185549486678,20.68181818181818
2019-02-06,2019-Q1,12.906843380463503,19.69696969696969
2019-02-07,2019-Q1,12.559351443297176,19.166666666666668
2019-02-08,2019-Q1,12.559351443297176,19.166666666666668
2019-02-11,2019-Q1,12.360784622059276,18.863636363636363
2019-02-12,2019-Q1,12.3111429167498,18.78787878787879
2019-02-13,2019-Q1,12.21185950613085,18.63636363636364
2019-02-14,2019-Q1,12.80755996984455,19.545454545454547
2019-02-15,2019-Q1,12.857201675154025,19.62121212121212
2019-02-18,2019-Q1,12.559351443297176,19.166666666666668
2019-02-19,2019-Q1,13.303977022939302,20.3030303030303
2019-02-20,2019-Q1,13.105410201701401,20.0
2019-02-21,2019-Q1,13.105410201701401,20.0
2019-02-22,2019-Q1,13.353618728248778,20.378787878787875
2019-02-25,2019-Q1,13.303977022939305,20.3030303030303
2019-02-26,2019-Q1,12.509709737987702,19.09090909090909
2019-02-27,2019-Q1,12.509709737987702,19.09090909090909
2019-02-28,2019-Q1,12.857201675154027,19.62121212121212
2019-03-01,2019-Q1,12.906843380463503,
2019-03-04,2019-Q1,12.906843380463503,
2019-03-05,2019-Q1,13.552185549486678,
2019-03-06,2019-Q1,13.80039407603405,
2019-03-07,2019-Q1,13.850035781343525,
2019-03-08,2019-Q1,13.949319191962473,
2019-03-11,2019-Q1,13.949319191962473,
2019-03-12,2019-Q1,13.750752370724575,
2019-03-13,2019-Q1,13.552185549486675,
2019-03-14,2019-Q1,13.353618728248774,
2019-03-15,2019-Q1,13.254335317629826,
2019-03-18,2019-Q1,12.956485085772975,
2019-03-19,2019-Q1,13.353618728248772,
2019-03-20,2019-Q1,12.807559969844547,
2019-03-21,2019-Q1,12.807559969844547,
2019-03-22,2019-Q1,12.956485085772973,
2019-03-25,2019-Q1,12.211859506130848,
2019-03-26,2019-Q1,12.26150121144032,
2019-03-27,2019-Q1,12.211859506130848,
2019-03-28,2019-Q1,12.410426327368745,
2019-03-29,2019-Q1,12.112576095511896,
2019-04-01,2019-Q2,13.055768496391922,
2019-04-02,2019-Q2,13.403260433558245,
2019-04-03,2019-Q2,13.254335317629819,
2019-04-04,2019-Q2,13.502543844177195,
2019-04-05,2019-Q2,13.204693612320346,
2019-04-08,2019-Q2,13.502543844177195,
2019-04-09,2019-Q2,13.353618728248769,
2019-04-10,2019-Q2,13.105410201701396,
2019-04-11,2019-Q2,13.204693612320348,
2019-04-12,2019-Q2,13.303977022939298,
2019-04-15,2019-Q2,12.956485085772973,
2019-04-16,2019-Q2,13.7011106654151,
2019-04-17,2019-Q2,13.7011106654151,
2019-04-18,2019-Q2,13.750752370724577,
2019-04-19,2019-Q2,13.750752370724577,
2019-04-22,2019-Q2,13.403260433558252,
2019-04-23,2019-Q2,13.055768496391925,
2019-04-24,2019-Q2,12.956485085772975,
2019-04-25,2019-Q2,13.006126791082448,
2019-04-26,2019-Q2,13.006126791082448,
2019-04-29,2019-Q2,13.006126791082448,
2019-04-30,2019-Q2,12.906843380463497,
2019-05-01,2019-Q2,12.906843380463497,
2019-05-02,2019-Q2,12.608993148606647,
2019-05-03,2019-Q2,12.708276559225599,
2019-05-06,2019-Q2,12.3111429167498,
2019-05-07,2019-Q2,12.360784622059274,
2019-05-08,2019-Q2,12.857201675154025,
2019-05-09,2019-Q2,12.60899314860665,
2019-05-10,2019-Q2,12.360784622059276,
2019-05-13,2019-Q2,12.3111429167498,
2019-05-14,2019-Q2,11.5168756317982,
2019-05-15,2019-Q2,12.1125760955119,
2019-05-16,2019-Q2,12.360784622059276,
2019-05-17,2019-Q2,12.559351443297174,
2019-05-20,2019-Q2,12.956485085772975,
2019-05-21,2019-Q2,12.460068032678226,
2019-05-22,2019-Q2,12.60899314860665,
2019-05-23,2019-Q2,12.509709737987702,
2019-05-24,2019-Q2,12.757918264535077,
2019-05-27,2019-Q2,12.410426327368752,
2019-05-28,2019-Q2,12.261501211440327,
2019-05-29,2019-Q2,12.062934390202427,
2019-05-30,2019-Q2,12.062934390202427,
2019-05-31,2019-Q2,12.360784622059276,
2019-06-03,2019-Q2,12.21185950613085,
2019-06-04,2019-Q2,12.410426327368748,
2019-06-05,2019-Q2,12.410426327368748,
2019-06-06,2019-Q2,12.360784622059274,
2019-06-07,2019-Q2,12.261501211440324,
2019-06-10,2019-Q2,10.921175168084499,
2019-06-11,2019-Q2,11.169383694631874,
2019-06-12,2019-Q2,11.219025399941348,
2019-06-13,2019-Q2,10.921175168084497,
2019-06-14,2019-Q2,10.921175168084497,
2019-06-17,2019-Q2,10.474399820299224,
2019-06-18,2019-Q2,10.474399820299224,
2019-06-19,2019-Q2,10.077266177823422,
2019-06-20,2019-Q2,9.829057651276047,
2019-06-21,2019-Q2,9.034790366324447,
2019-06-24,2019-Q2,8.935506955705497,
2019-06-25,2019-Q2,9.23335718756235,
2019-06-26,2019-Q2,9.084432071633923,
2019-06-27,2019-Q2,9.382282303490772,
2019-06-28,2019-Q2,9.23335718756235,
2019-07-01,2019-Q3,9.282998892871824,
2019-07-02,2019-Q3,9.7297742406571,
2019-07-03,2019-Q3,9.63049083003815,
2019-07-04,2019-Q3,9.233357187562351,
2019-07-05,2019-Q3,9.531207419419202,
2019-07-08,2019-Q3,9.183715482252877,
2019-07-09,2019-Q3,9.134073776943401,
2019-07-10,2019-Q3,9.332640598181303,
2019-07-11,2019-Q3,9.134073776943401,
2019-07-12,2019-Q3,10.226191293751853,
2019-07-15,2019-Q3,10.573683230918178,
2019-07-16,2019-Q3,10.573683230918178,
2019-07-17,2019-Q3,10.524041525608702,
2019-07-18,2019-Q3,10.524041525608702,
2019-07-19,2019-Q3,10.275832999061326,
2019-07-22,2019-Q3,9.680132535347626,
2019-07-23,2019-Q3,9.5312074194192,
2019-07-24,2019-Q3,9.878699356585525,
2019-07-25,2019-Q3,9.680132535347624,
2019-07-26,2019-Q3,10.275832999061326,
2019-07-29,2019-Q3,9.928341061895,
2019-07-30,2019-Q3,9.928341061895,
2019-07-31,2019-Q3,9.878699356585525,
2019-08-01,2019-Q3,10.02762447251395,
2019-08-02,2019-Q3,10.02762447251395,
2019-08-05,2019-Q3,9.878699356585525,
2019-08-06,2019-Q3,11.814725863655049,
2019-08-07,2019-Q3,14.147886013200374,
2019-08-08,2019-Q3,12.757918264535075,
2019-08-09,2019-Q3,11.5168756317982,
2019-08-12,2019-Q3,11.5168756317982,
2019-08-13,2019-Q3,12.559351443297176,
2019-08-14,2019-Q3,11.318308810560302,
2019-08-15,2019-Q3,11.318308810560302,
2019-08-16,2019-Q3,10.772250052156076,
2019-08-19,2019-Q3,10.275832999061326,
2019-08-20,2019-Q3,10.722608346846602,
2019-08-21,2019-Q3,10.821891757465552,
2019-08-22,2019-Q3,10.871533462775025,
2019-08-23,2019-Q3,10.375116409680276,
2019-08-26,2019-Q3,10.126907883132901,
2019-08-27,2019-Q3,10.176549588442377,
2019-08-28,2019-Q3,10.573683230918178,
2019-08-29,2019-Q3,10.275832999061327,
2019-08-30,2019-Q3,10.375116409680276,
2019-09-02,2019-Q3,10.375116409680276,
2019-09-03,2019-Q3,10.524041525608702,
2019-09-04,2019-Q3,10.375116409680276,
2019-09-05,2019-Q3,10.82189175746555,
2019-09-06,2019-Q3,10.573683230918176,
2019-09-09,2019-Q3,10.474399820299228,
2019-09-10,2019-Q3,10.474399820299228,
2019-09-11,2019-Q3,10.424758114989753,
2019-09-12,2019-Q3,10.375116409680276,
2019-09-13,2019-Q3,10.424758114989753,
2019-09-16,2019-Q3,10.375116409680276,
2019-09-17,2019-Q3,10.226191293751853,
2019-09-18,2019-Q3,10.424758114989753,
2019-09-19,2019-Q3,10.226191293751853,
2019-09-20,2019-Q3,10.375116409680276,
2019-09-23,2019-Q3,10.126907883132901,
2019-09-24,2019-Q3,10.275832999061327,
2019-09-25,2019-Q3,10.424758114989753,
2019-09-26,2019-Q3,10.672966641537128,
2019-09-27,2019-Q3,10.573683230918178,
2019-09-30,2019-Q3,10.524041525608702,
2019-10-01,2019-Q4,10.226191293751853,
2019-10-02,2019-Q4,10.226191293751853,
2019-10-03,2019-Q4,10.126907883132901,
2019-10-04,2019-Q4,10.226191293751853,
2019-10-07,2019-Q4,9.729774240657104,
2019-10-08,2019-Q4,9.729774240657104,
2019-10-09,2019-Q4,9.630490830038152,
2019-10-10,2019-Q4,9.630490830038152,
2019-10-11,2019-Q4,9.829057651276054,
2019-10-14,2019-Q4,9.431924008800253,
2019-10-15,2019-Q4,9.183715482252879,
2019-10-16,2019-Q4,9.680132535347628,
2019-10-17,2019-Q4,9.233357187562353,
2019-10-18,2019-Q4,9.382282303490776,
2019-10-21,2019-Q4,9.382282303490776,
2019-10-22,2019-Q4,9.382282303490776,
2019-10-23,2019-Q4,9.680132535347628,
2019-10-24,2019-Q4,9.680132535347628,
2019-10-25,2019-Q4,9.729774240657102,
2019-10-27,2019-Q4,9.729774240657102,
2019-10-28,2019-Q4,9.729774240657102,
2019-10-29,2019-Q4,9.183715482252877,
2019-10-30,2019-Q4,9.134073776943401,
2019-10-31,2019-Q4,9.779415945966576,
2019-11-01,2019-Q4,9.878699356585527,
2019-11-04,2019-Q4,10.126907883132901,
2019-11-05,2019-Q4,9.779415945966576,
2019-11-06,2019-Q4,9.928341061895003,
2019-11-07,2019-Q4,9.63049083003815,
2019-11-08,2019-Q4,9.531207419419202,
2019-11-11,2019-Q4,9.431924008800252,
2019-11-12,2019-Q4,9.431924008800252,
2019-11-13,2019-Q4,9.282998892871827,
2019-11-14,2019-Q4,9.580849124728678,
2019-11-15,2019-Q4,9.382282303490776,
2019-11-18,2019-Q4,9.134073776943401,
2019-11-19,2019-Q4,9.183715482252877,
2019-11-20,2019-Q4,8.687298429158126,
2019-11-21,2019-Q4,8.786581839777076,
2019-11-22,2019-Q4,8.687298429158126,
2019-11-25,2019-Q4,8.985148661014977,
2019-11-26,2019-Q4,8.83622354508655,
2019-11-27,2019-Q4,8.7369401344676,
2019-11-28,2019-Q4,8.985148661014975,
2019-11-29,2019-Q4,8.736940134467599,
2019-12-02,2019-Q4,9.034790366324447,
2019-12-03,2019-Q4,8.637656723848647,
2019-12-04,2019-Q4,8.091597965444421,
2019-12-05,2019-Q4,8.885865250396021,
2019-12-06,2019-Q4,8.985148661014973,
2019-12-09,2019-Q4,9.431924008800246,
2019-12-10,2019-Q4,8.935506955705495,
2019-12-11,2019-Q4,9.034790366324446,
2019-12-12,2019-Q4,8.836223545086547,
2019-12-13,2019-Q4,8.68729842915812,
2019-12-16,2019-Q4,8.836223545086547,
2019-12-17,2019-Q4,8.736940134467597,
2019-12-18,2019-Q4,8.68729842915812,
2019-12-19,2019-Q4,8.836223545086547,
2019-12-20,2019-Q4,8.78658183977707,
2019-12-23,2019-Q4,8.637656723848645,
2019-12-24,2019-Q4,8.19088137606337,
2019-12-25,2019-Q4,8.19088137606337,
2019-12-26,2019-Q4,8.240523081372846,
2019-12-27,2019-Q4,8.439089902610744,
2019-12-30,2019-Q4,8.488731607920219,
2019-12-31,2019-Q4,8.339806491991794,
2020-01-01,2020-Q1,8.339806491991794,
2020-01-02,2020-Q1,8.290164786682318,
2020-01-03,2020-Q1,8.290164786682318,
2020-01-06,2020-Q1,8.439089902610743,
2020-01-07,2020-Q1,8.389448197301267,
2020-01-08,2020-Q1,8.43908990261074,
2020-01-09,2020-Q1,8.43908990261074,
2020-01-10,2020-Q1,9.382282303490763,
2020-01-13,2020-Q1,9.431924008800237,
2020-01-14,2020-Q1,9.77941594596656,
2020-01-15,2020-Q1,9.580849124728662,
2020-01-16,2020-Q1,9.580849124728662,
2020-01-17,2020-Q1,9.332640598181287,
2020-01-20,2020-Q1,9.382282303490761,
2020-01-21,2020-Q1,9.680132535347612,
2020-01-22,2020-Q1,9.580849124728664,
2020-01-23,2020-Q1,9.680132535347612,
2020-01-24,2020-Q1,9.531207419419188,
2020-01-27,2020-Q1,9.332640598181289,
2020-01-28,2020-Q1,9.431924008800237,
2020-01-29,2020-Q1,9.382282303490761,
2020-01-30,2020-Q1,9.282998892871811,
2020-01-31,2020-Q1,9.332640598181287,
2020-02-01,2020-Q1,9.282998892871811,
2020-02-03,2020-Q1,9.233357187562339,
2020-02-04,2020-Q1,9.531207419419188,
2020-02-05,2020-Q1,9.977982767204466,
2020-02-06,2020-Q1,9.63049083003814,
2020-02-07,2020-Q1,9.33264059818129,
2020-02-10,2020-Q1,9.282998892871817,
2020-02-11,2020-Q1,9.084432071633916,
2020-02-12,2020-Q1,8.985148661014966,
2020-02-13,2020-Q1,9.183715482252866,
2020-02-14,2020-Q1,8.885865250396016,
2020-02-17,2020-Q1,8.240523081372842,
2020-02-18,2020-Q1,8.389448197301267,
2020-02-19,2020-Q1,8.141239670753892,
2020-02-20,2020-Q1,8.43908990261074,
2020-02-21,2020-Q1,8.43908990261074,
2020-02-24,2020-Q1,8.33980649199179,
2020-02-25,2020-Q1,8.290164786682315,
2020-02-26,2020-Q1,8.091597965444414,
2020-02-27,2020-Q1,8.290164786682313,
2020-02-28,2020-Q1,7.793747733587564,
2020-03-02,2020-Q1,7.893031144206514,
2020-03-03,2020-Q1,7.793747733587563,
2020-03-04,2020-Q1,7.545539207040188,
2020-03-05,2020-Q1,7.942672849515987,
2020-03-06,2020-Q1,7.198047269873864,
2020-03-09,2020-Q1,6.999480448635964,
2020-03-10,2020-Q1,6.999480448635964,
2020-03-11,2020-Q1,6.999480448635964,
2020-03-12,2020-Q1,5.907362931827516,
2020-03-13,2020-Q1,5.907362931827516,
2020-03-16,2020-Q1,5.460587584042241,
2020-03-17,2020-Q1,6.05628804775594,
2020-03-18,2020-Q1,6.900197038017014,
2020-03-19,2020-Q1,7.297330680492812,
2020-03-20,2020-Q1,7.744106028278086,
2020-03-23,2020-Q1,7.694464322968611,
2020-03-24,2020-Q1,8.439089902610734,
2020-03-25,2020-Q1,8.389448197301258,
2020-03-26,2020-Q1,8.588015018539158,
2020-03-27,2020-Q1,8.141239670753883,
2020-03-30,2020-Q1,7.346972385802285,
2020-03-31,2020-Q1,7.744106028278083,
2020-04-01,2020-Q2,7.446255796421234,
2020-04-02,2020-Q2,7.446255796421234,
2020-04-03,2020-Q2,7.3469723858022835,
2020-04-06,2020-Q2,7.3469723858022835,
2020-04-07,2020-Q2,7.297330680492809,
2020-04-08,2020-Q2,7.694464322968608,
2020-04-09,2020-Q2,7.942672849515983,
2020-04-10,2020-Q2,7.942672849515983,
2020-04-13,2020-Q2,7.694464322968608,
2020-04-14,2020-Q2,7.694464322968608,
2020-04-15,2020-Q2,7.694464322968608,
2020-04-16,2020-Q2,7.495897501730709,
2020-04-17,2020-Q2,8.091597965444407,
2020-04-20,2020-Q2,9.680132535347603,
2020-04-21,2020-Q2,11.516875631798174,
2020-04-22,2020-Q2,10.6729666415371,
2020-04-23,2020-Q2,10.524041525608675,
2020-04-24,2020-Q2,10.027624472513926,
2020-04-27,2020-Q2,9.531207419419177,
2020-04-28,2020-Q2,9.431924008800227,
2020-04-29,2020-Q2,9.332640598181278,
2020-04-30,2020-Q2,9.382282303490753,
2020-05-01,2020-Q2,9.382282303490753,
2020-05-04,2020-Q2,9.431924008800227,
2020-05-05,2020-Q2,8.736940134467579,
2020-05-06,2020-Q2,8.290164786682304,
2020-05-07,2020-Q2,8.43908990261073,
2020-05-08,2020-Q2,9.282998892871802,
2020-05-11,2020-Q2,8.538373313229679,
2020-05-12,2020-Q2,8.637656723848629,
2020-05-13,2020-Q2,9.034790366324428,
2020-05-14,2020-Q2,8.786581839777053,
2020-05-15,2020-Q2,8.836223545086527,
2020-05-18,2020-Q2,8.538373313229679,
2020-05-19,2020-Q2,8.687298429158103,
2020-05-20,2020-Q2,8.736940134467577,
2020-05-21,2020-Q2,8.786581839777053,
2020-05-22,2020-Q2,8.488731607920204,
2020-05-25,2020-Q2,8.488731607920204,
2020-05-26,2020-Q2,8.240523081372832,
2020-05-27,2020-Q2,8.43908990261073,
2020-05-28,2020-Q2,8.885865250396002,
2020-05-29,2020-Q2,9.084432071633904,
2020-06-01,2020-Q2,8.985148661014954,39.34782608695652
2020-06-02,2020-Q2,8.736940134467579,38.26086956521739
2020-06-03,2020-Q2,9.084432071633904,39.78260869565217
2020-06-04,2020-Q2,9.233357187562328,40.434782608695656
2020-06-05,2020-Q2,9.282998892871804,40.65217391304348
2020-06-08,2020-Q2,9.034790366324428,39.56521739130434
2020-06-09,2020-Q2,8.588015018539156,37.60869565217392
2020-06-10,2020-Q2,8.637656723848629,37.826086956521735
2020-06-11,2020-Q2,8.538373313229679,37.391304347826086
2020-06-12,2020-Q2,8.786581839777053,38.47826086956521
2020-06-15,2020-Q2,8.637656723848629,37.826086956521735
2020-06-16,2020-Q2,8.339806491991782,36.52173913043478
2020-06-17,2020-Q2,8.190881376063356,35.869565217391305
2020-06-18,2020-Q2,8.53837331322968,37.391304347826086
2020-06-19,2020-Q2,8.439089902610732,36.95652173913043
2020-06-22,2020-Q2,8.538373313229682,37.391304347826086
2020-06-23,2020-Q2,8.637656723848632,37.826086956521735
2020-06-24,2020-Q2,8.538373313229682,37.391304347826086
2020-06-25,2020-Q2,8.488731607920208,37.173913043478265
2020-06-26,2020-Q2,8.488731607920208,37.173913043478265
2020-06-29,2020-Q2,8.637656723848632,37.826086956521735
2020-06-30,2020-Q2,8.488731607920208,37.173913043478265
2020-07-01,2020-Q3,8.538373313229684,37.391304347826086
2020-07-02,2020-Q3,8.885865250396007,38.91304347826087
2020-07-03,2020-Q3,8.588015018539158,37.60869565217392
2020-07-06,2020-Q3,8.389448197301258,36.7391304347826
2020-07-07,2020-Q3,8.141239670753883,35.65217391304348
2020-07-08,2020-Q3,8.190881376063357,35.869565217391305
2020-07-09,2020-Q3,8.190881376063357,35.869565217391305
2020-07-10,2020-Q3,8.091597965444407,35.43478260869565
2020-07-13,2020-Q3,7.893031144206508,34.565217391304344
2020-07-14,2020-Q3,7.8433894388970335,34.34782608695652
2020-07-15,2020-Q3,7.694464322968608,33.69565217391304
2020-07-16,2020-Q3,7.545539207040184,33.04347826086956
2020-07-17,2020-Q3,7.59518091234966,33.26086956521739
2020-07-20,2020-Q3,7.744106028278085,33.91304347826087
2020-07-21,2020-Q3,7.99231455482546,35.0
2020-07-22,2020-Q3,7.942672849515983,34.78260869565217
2020-07-23,2020-Q3,7.8433894388970335,34.34782608695652
2020-07-24,2020-Q3,7.8433894388970335,34.34782608695652
2020-07-27,2020-Q3,7.793747733587557,34.130434782608695
2020-07-28,2020-Q3,7.694464322968607,33.69565217391304
2020-07-29,2020-Q3,7.744106028278081,33.91304347826087
2020-07-30,2020-Q3,7.6448226176591305,33.47826086956522
2020-07-31,2020-Q3,7.6448226176591305,33.47826086956522
2020-08-03,2020-Q3,7.595180912349655,33.26086956521739
2020-08-04,2020-Q3,7.6448226176591305,33.47826086956522
2020-08-05,2020-Q3,7.495897501730706,32.826086956521735
2020-08-06,2020-Q3,7.446255796421231,32.608695652173914
2020-08-07,2020-Q3,7.595180912349655,33.26086956521739
2020-08-10,2020-Q3,7.6448226176591305,33.47826086956522
2020-08-11,2020-Q3,7.942672849515978,34.78260869565217
2020-08-12,2020-Q3,8.141239670753876,35.65217391304348
2020-08-13,2020-Q3,8.041956260134928,35.21739130434782
2020-08-14,2020-Q3,7.744106028278079,33.91304347826087
2020-08-17,2020-Q3,7.893031144206505,34.565217391304344
2020-08-18,2020-Q3,7.94267284951598,34.78260869565217
2020-08-19,2020-Q3,9.531207419419177,41.7391304347826
2020-08-20,2020-Q3,11.417592221179222,50.0
2020-08-21,2020-Q3,12.559351443297146,55.0
2020-08-24,2020-Q3,13.800394076034019,60.43478260869565
2020-08-25,2020-Q3,15.14072011938984,66.30434782608695
2020-08-26,2020-Q3,14.396094539747715,63.04347826086956
2020-08-27,2020-Q3,13.701110665415067,60.0
2020-08-28,2020-Q3,13.055768496391893,57.17391304347826
2020-08-31,2020-Q3,12.410426327368722,54.34782608695652
2020-09-01,2020-Q3,11.814725863655024,56.66666666666667
2020-09-02,2020-Q3,11.268667105250799,54.04761904761905
2020-09-03,2020-Q3,10.722608346846576,51.42857142857143
2020-09-04,2020-Q3,10.226191293751826,49.04761904761905
2020-09-07,2020-Q3,10.524041525608677,50.47619047619048
2020-09-08,2020-Q3,10.275832999061302,49.285714285714285
2020-09-09,2020-Q3,9.779415945966553,46.90476190476191
2020-09-10,2020-Q3,10.027624472513928,48.095238095238095
2020-09-11,2020-Q3,9.729774240657079,46.66666666666667
2020-09-14,2020-Q3,9.779415945966553,46.90476190476191
2020-09-15,2020-Q3,9.580849124728655,45.95238095238096
2020-09-16,2020-Q3,9.531207419419179,45.71428571428572
2020-09-17,2020-Q3,9.43192400880023,45.23809523809524
2020-09-18,2020-Q3,9.03479036632443,43.333333333333336
2020-09-21,2020-Q3,8.885865250396005,42.61904761904762
2020-09-22,2020-Q3,8.736940134467583,41.90476190476191
2020-09-23,2020-Q3,8.985148661014955,43.0952380952381
2020-09-24,2020-Q3,8.588015018539156,41.1904761904762
2020-09-25,2020-Q3,8.687298429158105,41.66666666666667
2020-09-28,2020-Q3,8.588015018539156,41.1904761904762
2020-09-29,2020-Q3,8.43908990261073,40.47619047619048
2020-09-30,2020-Q3,8.836223545086531,42.38095238095239
2020-10-01,2020-Q4,8.736940134467583,41.90476190476191
2020-10-02,2020-Q4,8.736940134467583,41.90476190476191
2020-10-05,2020-Q4,8.687298429158107,41.66666666666667
2020-10-06,2020-Q4,8.637656723848632,41.42857142857142
2020-10-07,2020-Q4,8.439089902610732,40.47619047619048
2020-10-08,2020-Q4,8.339806491991782,40.0
2020-10-09,2020-Q4,8.091597965444407,38.80952380952381
2020-10-12,2020-Q4,7.992314554825458,38.333333333333336
2020-10-13,2020-Q4,8.141239670753883,39.04761904761904
2020-10-14,2020-Q4,8.141239670753883,39.04761904761904
2020-10-15,2020-Q4,7.99231455482546,38.333333333333336
2020-10-16,2020-Q4,8.091597965444409,38.80952380952381
2020-10-19,2020-Q4,8.141239670753885,39.04761904761904
2020-10-20,2020-Q4,8.141239670753885,39.04761904761904
2020-10-21,2020-Q4,8.240523081372835,39.523809523809526
2020-10-22,2020-Q4,8.339806491991785,40.0
2020-10-23,2020-Q4,8.48873160792021,40.71428571428572
2020-10-26,2020-Q4,8.19088137606336,39.285714285714285
2020-10-27,2020-Q4,8.339806491991785,40.0
2020-10-28,2020-Q4,7.9426728495159855,38.095238095238095
2020-10-29,2020-Q4,8.339806491991785,40.0
2020-10-30,2020-Q4,8.240523081372835,39.523809523809526
2020-11-02,2020-Q4,8.190881376063361,39.285714285714285
2020-11-03,2020-Q4,7.893031144206511,37.85714285714286
2020-11-04,2020-Q4,7.992314554825461,38.333333333333336
2020-11-05,2020-Q4,7.942672849515985,38.095238095238095
2020-11-06,2020-Q4,7.8930311442065095,37.85714285714286
2020-11-09,2020-Q4,7.942672849515985,38.095238095238095
2020-11-10,2020-Q4,7.942672849515985,38.095238095238095
2020-11-11,2020-Q4,7.843389438897034,37.61904761904762
2020-11-12,2020-Q4,7.99231455482546,38.333333333333336
2020-11-13,2020-Q4,7.99231455482546,38.333333333333336
2020-11-14,2020-Q4,7.8930311442065095,37.85714285714286
2020-11-16,2020-Q4,7.8930311442065095,37.85714285714286
2020-11-17,2020-Q4,8.141239670753885,39.04761904761904
2020-11-18,2020-Q4,7.992314554825461,38.333333333333336
2020-11-19,2020-Q4,7.942672849515985,38.095238095238095
2020-11-20,2020-Q4,8.091597965444409,38.80952380952381
2020-11-23,2020-Q4,8.19088137606336,39.285714285714285
2020-11-24,2020-Q4,8.240523081372833,39.523809523809526
2020-11-25,2020-Q4,8.240523081372833,39.523809523809526
2020-11-26,2020-Q4,8.141239670753883,39.04761904761904
2020-11-27,2020-Q4,8.538373313229682,40.95238095238095
2020-11-30,2020-Q4,8.538373313229682,40.95238095238095
2020-12-01,2020-Q4,8.935506955705481,26.47058823529412
2020-12-02,2020-Q4,9.382282303490754,27.79411764705882
2020-12-03,2020-Q4,9.680132535347605,28.676470588235293
2020-12-04,2020-Q4,9.53120741941918,28.23529411764705
2020-12-07,2020-Q4,9.53120741941918,28.23529411764705
2020-12-08,2020-Q4,9.680132535347605,28.676470588235293
2020-12-09,2020-Q4,9.72977424065708,28.823529411764707
2020-12-10,2020-Q4,9.630490830038129,28.52941176470588
2020-12-11,2020-Q4,9.878699356585502,29.26470588235294
2020-12-14,2020-Q4,9.92834106189498,29.41176470588235
2020-12-15,2020-Q4,10.077266177823406,29.852941176470587
2020-12-16,2020-Q4,11.070100284012904,32.79411764705882
2020-12-17,2020-Q4,10.72260834684658,31.764705882352946
2020-12-18,2020-Q4,10.82189175746553,32.05882352941176
2020-12-21,2020-Q4,10.375116409680254,30.73529411764705
2020-12-22,2020-Q4,10.176549588442356,30.14705882352941
2020-12-23,2020-Q4,10.375116409680256,30.73529411764705
2020-12-24,2020-Q4,10.424758114989732,30.882352941176467
2020-12-25,2020-Q4,10.424758114989732,30.882352941176467
2020-12-28,2020-Q4,10.126907883132882,30.0
2020-12-29,2020-Q4,9.928341061894983,29.41176470588235
2020-12-30,2020-Q4,10.325474704370782,30.588235294117645
2020-12-31,2020-Q4,10.62332493622763,31.470588235294112
2021-01-01,2021-Q1,11.467233926488705,33.97058823529412
2021-01-04,2021-Q1,11.467233926488705,33.97058823529412
2021-01-05,2021-Q1,11.119741989322378,32.94117647058823
2021-01-06,2021-Q1,11.020458578703428,32.647058823529406
2021-01-07,2021-Q1,11.119741989322376,32.94117647058823
2021-01-08,2021-Q1,10.970816873393954,32.5
2021-01-11,2021-Q1,10.672966641537105,31.617647058823525
2021-01-12,2021-Q1,10.623324936227627,31.470588235294112
2021-01-13,2021-Q1,9.977982767204455,29.558823529411764
2021-01-14,2021-Q1,10.126907883132878,30.0
2021-01-15,2021-Q1,9.829057651276031,29.11764705882353
2021-01-18,2021-Q1,9.680132535347605,28.676470588235293
2021-01-19,2021-Q1,9.878699356585503,29.26470588235294
2021-01-20,2021-Q1,9.92834106189498,29.41176470588235
2021-01-21,2021-Q1,9.63049083003813,28.52941176470588
2021-01-22,2021-Q1,9.431924008800232,27.941176470588232
2021-01-25,2021-Q1,9.431924008800232,27.941176470588232
2021-01-26,2021-Q1,9.431924008800232,27.941176470588232
2021-01-27,2021-Q1,8.985148661014959,26.61764705882353
2021-01-28,2021-Q1,9.18371548225286,27.20588235294117
2021-01-29,2021-Q1,9.233357187562335,27.352941176470587
2021-02-01,2021-Q1,9.282998892871811,27.5
2021-02-02,2021-Q1,9.233357187562337,27.352941176470587
2021-02-03,2021-Q1,9.183715482252861,27.20588235294117
2021-02-04,2021-Q1,9.233357187562337,27.352941176470587
2021-02-05,2021-Q1,11.020458578703433,32.647058823529406
2021-02-08,2021-Q1,11.268667105250808,33.382352941176464
2021-02-09,2021-Q1,10.722608346846584,31.764705882352946
2021-02-10,2021-Q1,10.67296664153711,31.617647058823525
2021-02-11,2021-Q1,10.275832999061311,30.441176470588232
2021-02-12,2021-Q1,10.226191293751837,30.294117647058822
2021-02-15,2021-Q1,9.928341061894987,29.41176470588235
2021-02-16,2021-Q1,9.977982767204463,29.558823529411764
2021-02-17,2021-Q1,10.176549588442361,30.14705882352941
2021-02-18,2021-Q1,10.37511640968026,30.73529411764705
2021-02-19,2021-Q1,12.410426327368732,36.76470588235294
2021-02-22,2021-Q1,14.89251159284248,44.11764705882353
2021-02-23,2021-Q1,16.381762752126726,48.52941176470588
2021-02-24,2021-Q1,17.176030037078327,50.88235294117647
2021-02-25,2021-Q1,16.332121046817253,48.382352941176464
2021-02-26,2021-Q1,16.332121046817253,48.382352941176464
2021-03-01,2021-Q1,15.537853761865657,
2021-03-02,2021-Q1,15.537853761865657,
2021-03-03,2021-Q1,15.537853761865657,
2021-03-04,2021-Q1,15.537853761865657,
2021-03-05,2021-Q1,15.537853761865657,
2021-03-08,2021-Q1,15.537853761865657,
2021-03-09,2021-Q1,15.537853761865657,
2021-03-10,2021-Q1,15.537853761865657,
2021-03-11,2021-Q1,15.537853761865657,
2021-03-12,2021-Q1,15.537853761865657,
2021-03-15,2021-Q1,14.793228182223535,
2021-03-16,2021-Q1,14.098244307890885,
2021-03-17,2021-Q1,13.403260433558238,
2021-03-18,2021-Q1,12.757918264535062,
2021-03-19,2021-Q1,12.162217800821363,
2021-03-22,2021-Q1,11.566517337107664,
2021-03-23,2021-Q1,11.020458578703439,
2021-03-24,2021-Q1,10.474399820299215,
2021-03-25,2021-Q1,9.977982767204466,
2021-03-26,2021-Q1,9.481565714109715,
2021-03-29,2021-Q1,9.481565714109715,
2021-03-30,2021-Q1,9.03479036632444,
2021-03-31,2021-Q1,8.588015018539165,
2021-04-01,2021-Q2,8.985148661014966,
2021-04-02,2021-Q2,8.985148661014966,
2021-04-05,2021-Q2,9.43192400880024,
2021-04-06,2021-Q2,9.878699356585514,
2021-04-07,2021-Q2,10.325474704370789,
2021-04-08,2021-Q2,10.82189175746554,
2021-04-09,2021-Q2,10.970816873393966,
2021-04-12,2021-Q2,10.62332493622764,
2021-04-13,2021-Q2,10.62332493622764,
2021-04-14,2021-Q2,10.62332493622764,
2021-04-15,2021-Q2,10.424758114989741,
2021-04-16,2021-Q2,10.921175168084492,
2021-04-19,2021-Q2,10.375116409680267,
2021-04-20,2021-Q2,10.027624472513942,
2021-04-21,2021-Q2,10.027624472513942,
2021-04-22,2021-Q2,9.829057651276043,
2021-04-23,2021-Q2,9.878699356585518,
2021-04-26,2021-Q2,9.977982767204466,
2021-04-27,2021-Q2,9.630490830038141,
2021-04-28,2021-Q2,9.729774240657092,
2021-04-29,2021-Q2,9.82905765127604,
2021-04-30,2021-Q2,9.53120741941919,
2021-05-03,2021-Q2,9.43192400880024,
2021-05-04,2021-Q2,9.481565714109715,
2021-05-05,2021-Q2,9.23335718756234,
2021-05-06,2021-Q2,9.134073776943389,
2021-05-07,2021-Q2,9.332640598181289,
2021-05-10,2021-Q2,9.134073776943389,
2021-05-11,2021-Q2,9.382282303490763,
2021-05-12,2021-Q2,9.829057651276038,
2021-05-13,2021-Q2,9.829057651276038,
2021-05-14,2021-Q2,10.226191293751837,
2021-05-17,2021-Q2,10.573683230918162,
2021-05-18,2021-Q2,10.325474704370787,
2021-05-19,2021-Q2,10.027624472513937,
2021-05-20,2021-Q2,10.226191293751835,
2021-05-21,2021-Q2,10.375116409680258,
2021-05-24,2021-Q2,10.126907883132883,
2021-05-25,2021-Q2,10.275832999061308,
2021-05-26,2021-Q2,10.424758114989732,
2021-05-27,2021-Q2,10.921175168084481,
2021-05-28,2021-Q2,11.11974198932238,
2021-05-31,2021-Q2,10.871533462775005,
2021-06-01,2021-Q2,10.524041525608682,
2021-06-02,2021-Q2,10.672966641537107,
2021-06-03,2021-Q2,11.070100284012907,
2021-06-04,2021-Q2,11.169383694631858,
2021-06-07,2021-Q2,11.467233926488708,
2021-06-08,2021-Q2,12.608993148606631,
2021-06-09,2021-Q2,13.701110665415081,
2021-06-10,2021-Q2,14.991795003461428,
2021-06-11,2021-Q2,14.247169423819303,
2021-06-14,2021-Q2,13.850035781343504,
2021-06-15,2021-Q2,13.998960897271928,
2021-06-16,2021-Q2,13.750752370724554,
2021-06-17,2021-Q2,13.701110665415081,
2021-06-18,2021-Q2,13.30397702293928,
2021-06-21,2021-Q2,13.00612679108243,
2021-06-22,2021-Q2,13.651468960105605,
2021-06-23,2021-Q2,13.30397702293928,
2021-06-24,2021-Q2,13.055768496391908,
2021-06-25,2021-Q2,12.857201675154007,
2021-06-28,2021-Q2,12.261501211440308,
2021-06-29,2021-Q2,12.112576095511884,
2021-06-30,2021-Q2,11.864367568964509,
2021-07-01,2021-Q3,12.112576095511884,
2021-07-02,2021-Q3,12.708276559225583,
2021-07-05,2021-Q3,13.30397702293928,
2021-07-06,2021-Q3,13.949319191962454,
2021-07-07,2021-Q3,13.750752370724554,
2021-07-08,2021-Q3,13.403260433558229,
2021-07-09,2021-Q3,13.055768496391906,
2021-07-12,2021-Q3,12.60899314860663,
2021-07-13,2021-Q3,12.757918264535054,
2021-07-14,2021-Q3,12.90684338046348,
2021-07-15,2021-Q3,12.708276559225581,
2021-07-16,2021-Q3,12.658634853916105,
2021-07-19,2021-Q3,12.460068032678208,
2021-07-20,2021-Q3,12.112576095511882,
2021-07-21,2021-Q3,12.112576095511882,
2021-07-22,2021-Q3,12.60899314860663,
2021-07-23,2021-Q3,13.204693612320332,
2021-07-26,2021-Q3,13.850035781343504,
2021-07-27,2021-Q3,13.800394076034031,
2021-07-28,2021-Q3,13.254335317629804,
2021-07-29,2021-Q3,13.254335317629804,
2021-07-30,2021-Q3,13.30397702293928,
2021-08-02,2021-Q3,13.89967748665298,
2021-08-03,2021-Q3,13.800394076034031,
2021-08-04,2021-Q3,13.89967748665298,
2021-08-05,2021-Q3,14.197527718509832,
2021-08-06,2021-Q3,14.644303066295105,
2021-08-09,2021-Q3,15.140720119389854,
2021-08-10,2021-Q3,14.545019655676157,
2021-08-11,2021-Q3,13.850035781343507,
2021-08-12,2021-Q3,14.495377950366683,
2021-08-13,2021-Q3,14.296811129128782,
2021-08-16,2021-Q3,13.949319191962458,
2021-08-17,2021-Q3,13.800394076034031,
2021-08-18,2021-Q3,13.651468960105605,
2021-08-19,2021-Q3,13.651468960105605,
2021-08-20,2021-Q3,13.30397702293928,
2021-08-23,2021-Q3,13.155051907010858,
2021-08-24,2021-Q3,13.800394076034031,
2021-08-25,2021-Q3,14.445736245057203,
2021-08-26,2021-Q3,15.140720119389853,
2021-08-27,2021-Q3,15.885345699031978,
2021-08-30,2021-Q3,16.679612983983578,
2021-08-31,2021-Q3,17.473880268935176,
2021-09-01,2021-Q3,18.317789259196246,18.8265306122449
2021-09-02,2021-Q3,19.211339954766792,19.744897959183675
2021-09-03,2021-Q3,20.154532355646815,20.714285714285715
2021-09-06,2021-Q3,21.147366461836313,21.73469387755102
2021-09-07,2021-Q3,22.189842273335284,22.8061224489796
2021-09-08,2021-Q3,23.28195979014373,23.928571428571427
2021-09-09,2021-Q3,24.42371901226165,25.10204081632653
2021-09-10,2021-Q3,24.42371901226165,25.10204081632653
2021-09-13,2021-Q3,25.61511993968905,26.3265306122449
2021-09-14,2021-Q3,26.856162572425923,27.60204081632653
2021-09-15,2021-Q3,28.196488615781742,28.97959183673469
2021-09-16,2021-Q3,29.586456364447045,30.40816326530612
2021-09-17,2021-Q3,31.026065818421824,31.887755102040817
2021-09-20,2021-Q3,32.56495868301554,33.46938775510204
2021-09-21,2021-Q3,34.15349325291874,35.10204081632653
2021-09-22,2021-Q3,35.84131123344089,36.83673469387755
2021-09-23,2021-Q3,37.62841262458199,38.6734693877551
2021-09-24,2021-Q3,35.791669528131415,36.785714285714285
2021-09-27,2021-Q3,34.004568136990315,34.94897959183673
2021-09-28,2021-Q3,32.31675015646817,33.214285714285715
2021-09-29,2021-Q3,30.728215586564964,31.581632653061224
2021-09-30,2021-Q3,32.217466745849215,33.11224489795919
2021-10-01,2021-Q4,33.80600131575241,34.744897959183675
2021-10-04,2021-Q4,35.49381929627456,36.47959183673469
2021-10-05,2021-Q4,37.23127898210618,38.26530612244898
2021-10-06,2021-Q4,39.06802207855676,40.1530612244898
2021-10-07,2021-Q4,41.00404858562628,42.14285714285714
2021-10-08,2021-Q4,40.45798982722206,41.58163265306123
2021-10-11,2021-Q4,40.45798982722206,41.58163265306123
2021-10-12,2021-Q4,42.44365803960105,43.62244897959184
2021-10-13,2021-Q4,43.5357755564095,44.74489795918368
2021-10-14,2021-Q4,41.84795757588734,43.01020408163265
2021-10-15,2021-Q4,41.84795757588734,43.01020408163265
2021-10-18,2021-Q4,39.763005952889394,40.86734693877551
2021-10-19,2021-Q4,37.7773377405104,38.826530612244895
2021-10-20,2021-Q4,36.18880317060721,37.193877551020414
2021-10-21,2021-Q4,34.4017017794661,35.357142857142854
2021-10-22,2021-Q4,32.71388379894396,33.62244897959184
2021-10-25,2021-Q4,31.572124576826038,32.44897959183674
2021-10-26,2021-Q4,33.11101744141976,34.03061224489796
2021-10-27,2021-Q4,34.74919371663243,35.714285714285715
2021-10-28,2021-Q4,36.48665340246406,37.5
2021-10-29,2021-Q4,38.27375479360515,39.336734693877546
2021-11-01,2021-Q4,40.1601395953652,41.275510204081634
2021-11-02,2021-Q4,40.85512346969784,41.98979591836735
2021-11-03,2021-Q4,38.81981355200937,39.89795918367347
2021-11-04,2021-Q4,38.62124673077146,39.69387755102041
2021-11-05,2021-Q4,38.62124673077146,39.69387755102041
2021-11-08,2021-Q4,39.018380373247254,40.10204081632653
2021-11-09,2021-Q4,40.95440688031678,42.09183673469388
2021-11-10,2021-Q4,42.98971679800525,44.18367346938776
2021-11-11,2021-Q4,45.12431012631268,46.37755102040817
2021-11-12,2021-Q4,47.35818686523905,48.67346938775511
2021-11-15,2021-Q4,49.691347014784355,51.07142857142857
2021-11-16,2021-Q4,52.173432280258105,53.62244897959184
2021-11-17,2021-Q4,54.754800956350806,56.275510204081634
2021-11-18,2021-Q4,57.485094748371935,59.08163265306123
2021-11-19,2021-Q4,57.485094748371935,59.08163265306123
2021-11-22,2021-Q4,60.314671951012,61.98979591836735
2021-11-23,2021-Q4,63.29317426958049,65.05102040816327
2021-11-24,2021-Q4,66.42060170407741,68.26530612244899
2021-11-25,2021-Q4,69.69695425450276,71.63265306122449
2021-11-26,2021-Q4,73.171873626166,75.20408163265307
2021-11-29,2021-Q4,76.79571811375764,78.92857142857143
2021-11-30,2021-Q4,80.61812942258722,82.85714285714286
2021-12-01,2021-Q4,84.63910755265468,
2021-12-02,2021-Q4,88.85865250396003,
2021-12-03,2021-Q4,93.27676427650331,
2021-12-06,2021-Q4,97.89344287028446,
2021-12-07,2021-Q4,102.75832999061302,
2021-12-08,2021-Q4,107.87142563748894,
2021-12-09,2021-Q4,113.23272981091223,
2021-12-10,2021-Q4,107.57357540563208,
2021-12-13,2021-Q4,102.2122712322088,
2021-12-14,2021-Q4,97.14881729064237,
2021-12-15,2021-Q4,92.3335718756233,
2021-12-16,2021-Q4,96.95025046940448,
2021-12-17,2021-Q4,101.76549588442353,
2021-12-20,2021-Q4,96.70204194285711,
2021-12-21,2021-Q4,91.88679652783803,
2021-12-22,2021-Q4,88.16366862962741,
2021-12-23,2021-Q4,83.79519856239362,
2021-12-24,2021-Q4,87.96510180838952,
2021-12-27,2021-Q4,92.33357187562332,
2021-12-28,2021-Q4,96.95025046940448,
2021-12-29,2021-Q4,101.76549588442354,
2021-12-30,2021-Q4,99.82946937735403,
2021-12-31,2021-Q4,95.5602827207392,
2022-01-03,2022-Q1,96.25526659507184,
2022-01-04,2022-Q1,91.68822970660014,
2022-01-05,2022-Q1,95.70920783666762,
2022-01-06,2022-Q1,95.70920783666762,
2022-01-07,2022-Q1,93.77318132959809,
2022-01-10,2022-Q1,89.45435296767377,
2022-01-11,2022-Q1,87.56796816591373,
2022-01-12,2022-Q1,83.49734833053677,
2022-01-13,2022-Q1,79.3274450845409,
2022-01-14,2022-Q1,82.95128957213255,
2022-01-17,2022-Q1,87.07155111281898,
2022-01-18,2022-Q1,90.5961121897917,
2022-01-19,2022-Q1,86.07871700662949,
2022-01-20,2022-Q1,82.80236445620416,
2022-01-21,2022-Q1,78.7317446208272,
2022-01-24,2022-Q1,74.81004990137868,
2022-01-25,2022-Q1,71.18620541378702,
2022-01-26,2022-Q1,71.18620541378702,
2022-01-27,2022-Q1,74.71076649075974,
2022-01-28,2022-Q1,78.43389438897036,
2022-01-31,2022-Q1,82.35558910841888,
2022-02-01,2022-Q1,78.5828195048988,
2022-02-02,2022-Q1,78.83102803144617,
2022-02-03,2022-Q1,79.62529531639775,
2022-02-04,2022-Q1,77.29213516685243,
2022-02-07,2022-Q1,75.05825842792606,
2022-02-08,2022-Q1,71.93083099342915,
2022-02-09,2022-Q1,74.16470773235552,
2022-02-10,2022-Q1,77.83819392525666,
2022-02-11,2022-Q1,81.71024693939569,
2022-02-14,2022-Q1,78.08640245180403,
2022-02-15,2022-Q1,76.00145082880609,
2022-02-16,2022-Q1,77.58998539870929,
2022-02-17,2022-Q1,77.34177687216192,
2022-02-18,2022-Q1,76.20001765004399,
2022-02-21,2022-Q1,73.12223192085655,
2022-02-22,2022-Q1,69.49838743326488,
2022-02-23,2022-Q1,66.02346806160163,
2022-02-24,2022-Q1,62.74711551117629,
2022-02-25,2022-Q1,59.61968807667936,
2022-02-28,2022-Q1,59.66932978198884,
2022-03-01,2022-Q1,59.66932978198884,
2022-03-02,2022-Q1,57.38581133775299,
2022-03-03,2022-Q1,54.953367777588724,
2022-03-04,2022-Q1,52.86841615459078,
2022-03-07,2022-Q1,50.28704747849809,
2022-03-08,2022-Q1,49.14528825638016,
2022-03-09,2022-Q1,51.57773181654443,
2022-03-10,2022-Q1,54.10945878732765,
2022-03-11,2022-Q1,56.7901108740393,
2022-03-14,2022-Q1,59.61968807667936,
2022-03-15,2022-Q1,62.59819039524785,
2022-03-16,2022-Q1,65.72561782974476,
2022-03-17,2022-Q1,69.00197038017009,
2022-03-18,2022-Q1,69.00197038017009,
2022-03-21,2022-Q1,72.42724804652387,
2022-03-22,2022-Q1,76.00145082880606,
2022-03-23,2022-Q1,76.64679299782925,
2022-03-24,2022-Q1,72.82438168899968,
2022-03-25,2022-Q1,69.49838743326487,
2022-03-28,2022-Q1,66.02346806160162,
2022-03-29,2022-Q1,69.29982061202696,
2022-03-30,2022-Q1,72.72509827838073,
2022-03-31,2022-Q1,76.34894276597241,
2022-04-01,2022-Q2,80.1217123694925,
2022-04-04,2022-Q2,79.42672849515985,
2022-04-05,2022-Q2,76.10073423942504,
2022-04-06,2022-Q2,77.34177687216192,
2022-04-07,2022-Q2,74.85969160668817,
2022-04-08,2022-Q2,75.80288400756818,
2022-04-11,2022-Q2,73.86685750049867,
2022-04-12,2022-Q2,71.93083099342914,
2022-04-13,2022-Q2,73.32079874209444,
2022-04-14,2022-Q2,73.32079874209444,
2022-04-15,2022-Q2,73.32079874209444,
2022-04-18,2022-Q2,72.32796463590493,
2022-04-19,2022-Q2,75.90216741818713,
2022-04-20,2022-Q2,79.07923655799354,
2022-04-21,2022-Q2,75.157541838545,
2022-04-22,2022-Q2,72.5761731624523,
2022-04-25,2022-Q2,71.38477223502491,
2022-04-26,2022-Q2,70.29265471821647,
2022-04-27,2022-Q2,66.81773534655322,
2022-04-28,2022-Q2,64.38529178638895,
2022-04-29,2022-Q2,65.62633441912583,
2022-05-02,2022-Q2,68.90268696955118,
2022-05-03,2022-Q2,68.90268696955118,
2022-05-04,2022-Q2,67.11558557841008,
2022-05-05,2022-Q2,65.9241846509827,
2022-05-06,2022-Q2,62.647832100557345,
2022-05-09,2022-Q2,61.704639699677315,
2022-05-10,2022-Q2,58.9743459076562,
2022-05-11,2022-Q2,56.045485294397174,
2022-05-12,2022-Q2,53.26554979706658,
2022-05-13,2022-Q2,52.272715690877085,
2022-05-16,2022-Q2,52.8684161545908,
2022-05-17,2022-Q2,55.49942653599296,
2022-05-18,2022-Q2,58.22972032801408,
2022-05-19,2022-Q2,61.108939235963625,
2022-05-20,2022-Q2,64.13708325984159,
2022-05-23,2022-Q2,61.357147762511,
2022-05-24,2022-Q2,60.06646342446465,
2022-05-25,2022-Q2,57.08796110589616,
2022-05-26,2022-Q2,59.42112125544149,
2022-05-27,2022-Q2,59.96718001384571,
2022-05-30,2022-Q2,58.72613738110885,
2022-05-31,2022-Q2,58.477928854561476,
2022-06-01,2022-Q2,57.53473645368146,
2022-06-02,2022-Q2,60.066463424464686,
2022-06-03,2022-Q2,59.52040466606046,
2022-06-06,2022-Q2,59.07362931827518,
2022-06-07,2022-Q2,58.080795212085675,
2022-06-08,2022-Q2,56.8397525793488,
2022-06-09,2022-Q2,55.300859714755084,
2022-06-10,2022-Q2,55.052651188207705,
2022-06-13,2022-Q2,52.32235739618658,
2022-06-14,2022-Q2,51.82594034309183,
2022-06-15,2022-Q2,50.98203135283075,
2022-06-16,2022-Q2,49.93955554133178,
2022-06-17,2022-Q2,49.19492996168965,
2022-06-20,2022-Q2,46.76248640152538,
2022-06-21,2022-Q2,45.91857741126431,
2022-06-22,2022-Q2,43.93290919888531,
2022-06-23,2022-Q2,44.032192609504264,
2022-06-24,2022-Q2,44.92574330507481,
2022-06-27,2022-Q2,45.571085474097984,
2022-06-28,2022-Q2,46.06750252719274,
2022-06-29,2022-Q2,45.968219116573785,
2022-06-30,2022-Q2,45.521443768788515,
2022-07-01,2022-Q3,44.92574330507482,
2022-07-04,2022-Q3,44.23075943074216,
2022-07-05,2022-Q3,44.131476020123216,
2022-07-06,2022-Q3,46.31571105374011,
2022-07-07,2022-Q3,48.599229497975955,
2022-07-08,2022-Q3,50.98203135283075,
2022-07-11,2022-Q3,53.51375832361396,
2022-07-12,2022-Q3,56.14476870501613,
2022-07-13,2022-Q3,58.92470420234673,
2022-07-14,2022-Q3,55.99584358908771,
2022-07-15,2022-Q3,58.77577908641832,
2022-07-18,2022-Q3,61.70463969967733,
2022-07-19,2022-Q3,59.867896603226754,
2022-07-20,2022-Q3,62.84639892179525,
2022-07-21,2022-Q3,64.23636667046055,
2022-07-22,2022-Q3,61.85356481560574,
2022-07-25,2022-Q3,58.9743459076562,
2022-07-26,2022-Q3,56.045485294397174,
2022-07-27,2022-Q3,54.15910049263713,
2022-07-28,2022-Q3,54.45695072449398,
2022-07-29,2022-Q3,54.357667313875034,
2022-08-01,2022-Q3,56.74046916872983,
2022-08-02,2022-Q3,59.57004637136989,
2022-08-03,2022-Q3,62.449265279319434,
2022-08-04,2022-Q3,60.81108900410676,
2022-08-05,2022-Q3,60.41395536163096,
2022-08-08,2022-Q3,60.21538854039306,
2022-08-09,2022-Q3,60.21538854039306,
2022-08-10,2022-Q3,58.13043691739511,
2022-08-11,2022-Q3,57.683661569609846,
2022-08-12,2022-Q3,57.882228390847736,
2022-08-15,2022-Q3,57.882228390847736,
2022-08-16,2022-Q3,55.995843589087684,
2022-08-17,2022-Q3,56.19441041032558,
2022-08-18,2022-Q3,53.76196685016131,
2022-08-19,2022-Q3,51.27988158468756,
2022-08-22,2022-Q3,49.393496782927514,
2022-08-23,2022-Q3,54.30802560856553,
2022-08-24,2022-Q3,59.7189714872983,
2022-08-25,2022-Q3,54.10945878732764,
2022-08-26,2022-Q3,54.35766731387502,
2022-08-29,2022-Q3,51.379164995306525,
2022-08-30,2022-Q3,53.71232514485184,
2022-08-31,2022-Q3,53.71232514485184,
2022-09-01,2022-Q3,53.513758323613935,122.5
2022-09-02,2022-Q3,53.116624681138134,121.5909090909091
2022-09-05,2022-Q3,53.16626638644761,121.70454545454544
2022-09-06,2022-Q3,54.10945878732765,123.86363636363636
2022-09-07,2022-Q3,53.2159080917571,121.81818181818184
2022-09-08,2022-Q3,55.896560178468754,127.95454545454544
2022-09-09,2022-Q3,53.811608555470805,123.1818181818182
2022-09-12,2022-Q3,55.747635062540326,127.61363636363636
2022-09-13,2022-Q3,56.045485294397174,128.29545454545456
2022-09-14,2022-Q3,54.45695072449398,124.6590909090909
2022-09-15,2022-Q3,54.15910049263713,123.97727272727272
2022-09-16,2022-Q3,52.71949103866237,120.6818181818182
2022-09-19,2022-Q3,52.32235739618657,119.77272727272728
2022-09-20,2022-Q3,51.825940343091816,118.63636363636364
2022-09-21,2022-Q3,51.62737352185392,118.1818181818182
2022-09-22,2022-Q3,50.982031352830745,116.70454545454544
2022-09-23,2022-Q3,51.4784484059255,117.8409090909091
2022-09-26,2022-Q3,48.8970797298328,111.9318181818182
2022-09-27,2022-Q3,50.535256005045476,115.68181818181816
2022-09-28,2022-Q3,50.535256005045476,115.68181818181816
2022-09-29,2022-Q3,49.8899138360223,114.20454545454544
2022-09-30,2022-Q3,49.59206360416545,113.52272727272728
2022-10-03,2022-Q4,50.18776406787916,114.88636363636364
2022-10-04,2022-Q4,50.03883895195073,114.54545454545456
2022-10-05,2022-Q4,50.03883895195073,114.54545454545456
2022-10-06,2022-Q4,50.73382282628337,116.13636363636364
2022-10-07,2022-Q4,51.82594034309183,118.63636363636364
2022-10-10,2022-Q4,51.77629863778235,118.52272727272728
2022-10-11,2022-Q4,53.01734127051922,121.36363636363636
2022-10-12,2022-Q4,52.12379057494867,119.3181818181818
2022-10-13,2022-Q4,52.570565922733955,120.3409090909091
2022-10-14,2022-Q4,53.01734127051922,121.36363636363636
2022-10-17,2022-Q4,51.379164995306546,117.61363636363636
2022-10-18,2022-Q4,51.18059817406865,117.1590909090909
2022-10-19,2022-Q4,53.51375832361396,122.5
2022-10-20,2022-Q4,53.01734127051922,121.36363636363636
2022-10-21,2022-Q4,52.719491038662376,120.6818181818182
2022-10-24,2022-Q4,53.861250260780295,123.29545454545456
2022-10-25,2022-Q4,53.36483320768555,122.1590909090909
2022-10-26,2022-Q4,53.36483320768555,122.1590909090909
2022-10-27,2022-Q4,51.180598174068656,117.1590909090909
2022-10-28,2022-Q4,50.98203135283075,116.70454545454544
2022-10-31,2022-Q4,51.57773181654446,118.06818181818184
2022-11-01,2022-Q4,51.57773181654446,118.06818181818184
2022-11-02,2022-Q4,52.471282512115,120.11363636363636
2022-11-03,2022-Q4,50.48561429973601,115.56818181818184
2022-11-04,2022-Q4,51.081314763449704,116.9318181818182
2022-11-07,2022-Q4,53.0669829758287,121.47727272727272
2022-11-08,2022-Q4,53.0669829758287,121.47727272727272
2022-11-09,2022-Q4,52.22307398556762,119.54545454545456
2022-11-10,2022-Q4,53.46411661830449,122.38636363636364
2022-11-11,2022-Q4,53.31519150237606,122.04545454545456
2022-11-14,2022-Q4,53.46411661830449,122.38636363636364
2022-11-15,2022-Q4,53.36483320768554,122.1590909090909
2022-11-16,2022-Q4,51.27988158468759,117.38636363636364
2022-11-17,2022-Q4,51.97486545902024,118.97727272727272
2022-11-18,2022-Q4,50.982031352830745,116.70454545454544
2022-11-21,2022-Q4,50.63453941566442,115.9090909090909
2022-11-22,2022-Q4,50.48561429973599,115.56818181818184
2022-11-23,2022-Q4,50.33668918380757,115.22727272727272
2022-11-24,2022-Q4,51.77629863778234,118.52272727272728
2022-11-25,2022-Q4,51.180598174068635,117.1590909090909
2022-11-28,2022-Q4,50.932389647521255,116.59090909090908
2022-11-29,2022-Q4,50.38633088911704,115.3409090909091
2022-11-30,2022-Q4,50.23740577318861,115.0
2022-12-01,2022-Q4,49.691347014784384,172.58620689655172
2022-12-02,2022-Q4,49.641705309474915,172.41379310344828
2022-12-05,2022-Q4,49.49278019354649,171.89655172413794
2022-12-06,2022-Q4,48.301379266119085,167.75862068965515
2022-12-07,2022-Q4,49.04600484576121,170.3448275862069
2022-12-08,2022-Q4,49.93955554133176,173.44827586206895
2022-12-09,2022-Q4,48.84743802452331,169.65517241379314
2022-12-12,2022-Q4,48.74815461390436,169.31034482758622
2022-12-13,2022-Q4,49.79063042540333,172.93103448275863
2022-12-14,2022-Q4,49.79063042540333,172.93103448275863
2022-12-15,2022-Q4,48.6488712032854,168.96551724137933
2022-12-16,2022-Q4,48.450304382047506,168.27586206896552
2022-12-19,2022-Q4,49.2445716669991,171.0344827586207
2022-12-20,2022-Q4,49.592063604165425,172.24137931034485
2022-12-21,2022-Q4,46.563919580287454,161.72413793103448
2022-12-22,2022-Q4,45.32287694755058,157.41379310344828
2022-12-23,2022-Q4,39.81264765819887,138.27586206896552
2022-12-26,2022-Q4,45.27323524224111,157.24137931034485
2022-12-27,2022-Q4,46.4646361696685,161.3793103448276
2022-12-28,2022-Q4,47.8546039183338,166.20689655172416
2022-12-29,2022-Q4,47.457470275858,164.82758620689654
2022-12-30,2022-Q4,47.15962004400115,163.79310344827587
2023-01-02,2023-Q1,46.91141151745378,162.93103448275863
2023-01-03,2023-Q1,47.30854515992958,164.31034482758622
2023-01-04,2023-Q1,46.81212810683483,162.58620689655174
2023-01-05,2023-Q1,46.96105322276325,163.10344827586206
2023-01-06,2023-Q1,44.876101599765306,155.86206896551727
2023-01-09,2023-Q1,44.82645989445583,155.6896551724138
2023-01-10,2023-Q1,44.478967957289505,154.48275862068965
2023-01-11,2023-Q1,44.03219260950423,152.93103448275863
2023-01-12,2023-Q1,43.43649214579053,150.86206896551724
2023-01-13,2023-Q1,44.478967957289505,154.48275862068965
2023-01-16,2023-Q1,44.67753477852741,155.17241379310346
2023-01-17,2023-Q1,49.492780193546466,171.89655172413794
2023-01-18,2023-Q1,47.35818686523905,164.48275862068968
2023-01-19,2023-Q1,48.59922949797593,168.79310344827587
2023-01-20,2023-Q1,53.76196685016131,186.72413793103448
2023-01-23,2023-Q1,64.48457519700789,
2023-01-24,2023-Q1,70.88835518193015,
2023-01-25,2023-Q1,76.29930106066288,
2023-01-26,2023-Q1,76.29930106066288,
2023-01-27,2023-Q1,69.79623766512168,
2023-01-30,2023-Q1,63.6406662067468,
2023-01-31,2023-Q1,65.0306339554121,
2023-02-01,2023-Q1,60.71180559348779,
2023-02-02,2023-Q1,59.96718001384567,
2023-02-03,2023-Q1,57.58437815899087,200.0
2023-02-06,2023-Q1,55.05265118820765,191.20689655172416
2023-02-07,2023-Q1,57.78294498022877,
2023-02-08,2023-Q1,60.66216388817831,
2023-02-09,2023-Q1,63.69030791205628,
2023-02-10,2023-Q1,66.86737705186266,
2023-02-13,2023-Q1,63.541382796127856,
2023-02-14,2023-Q1,60.36431365632146,
2023-02-15,2023-Q1,57.58437815899086,200.0
2023-02-16,2023-Q1,56.244052115635036,195.3448275862069
2023-02-17,2023-Q1,54.159100492637094,188.1034482758621
2023-02-20,2023-Q1,56.09512699970662,194.82758620689657
2023-02-21,2023-Q1,54.7548009563508,190.17241379310343
2023-02-22,2023-Q1,53.116624681138134,184.48275862068968
2023-02-23,2023-Q1,53.01734127051918,184.1379310344828
2023-02-24,2023-Q1,53.066982975828665,184.31034482758625
2023-02-27,2023-Q1,50.93238964752124,176.89655172413794
2023-02-28,2023-Q1,50.48561429973597,175.34482758620692
2023-03-01,2023-Q1,49.49278019354647,
2023-03-02,2023-Q1,50.38633088911702,
2023-03-03,2023-Q1,50.48561429973598,
2023-03-06,2023-Q1,49.59206360416543,
2023-03-07,2023-Q1,49.59206360416543,
2023-03-08,2023-Q1,50.98203135283073,
2023-03-09,2023-Q1,50.58489771035493,
2023-03-10,2023-Q1,52.37199910149602,
2023-03-13,2023-Q1,53.06698297582867,
2023-03-14,2023-Q1,51.57773181654443,
2023-03-15,2023-Q1,51.72665693247285,
2023-03-16,2023-Q1,51.72665693247285,
2023-03-17,2023-Q1,51.72665693247285,
2023-03-20,2023-Q1,51.925223753710746,
2023-03-21,2023-Q1,51.87558204840127,
2023-03-22,2023-Q1,51.8259403430918,
2023-03-23,2023-Q1,51.77629863778232,
2023-03-24,2023-Q1,49.2445716669991,
2023-03-27,2023-Q1,48.202095855500126,
2023-03-28,2023-Q1,46.01786082188323,
2023-03-29,2023-Q1,46.31571105374008,
2023-03-30,2023-Q1,46.31571105374008,
2023-03-31,2023-Q1,45.52144376878849,
2023-04-03,2023-Q2,46.663202990906406,
2023-04-04,2023-Q2,46.663202990906406,
2023-04-05,2023-Q2,47.30854515992958,
2023-04-06,2023-Q2,49.6417053094749,
2023-04-07,2023-Q2,49.6417053094749,
2023-04-10,2023-Q2,51.77629863778232,
2023-04-11,2023-Q2,54.35766731387502,
2023-04-12,2023-Q2,57.03831940058667,
2023-04-13,2023-Q2,59.86789660322673,
2023-04-14,2023-Q2,59.86789660322673,
2023-04-17,2023-Q2,60.81108900410676,
2023-04-18,2023-Q2,58.47792885456144,
2023-04-19,2023-Q2,56.59154405280139,
2023-04-20,2023-Q2,56.889394284658245,
2023-04-21,2023-Q2,55.747635062540326,
2023-04-24,2023-Q2,58.527570559870924,
2023-04-25,2023-Q2,61.40678946782047,
2023-04-26,2023-Q2,64.43493349169843,
2023-04-27,2023-Q2,67.61200263150482,
2023-04-28,2023-Q2,64.23636667046054,
2023-05-01,2023-Q2,64.23636667046054,
2023-05-02,2023-Q2,62.89604062710472,
2023-05-03,2023-Q2,62.449265279319434,
2023-05-04,2023-Q2,62.399623574009965,
2023-05-05,2023-Q2,60.36431365632149,
2023-05-08,2023-Q2,59.023987612965676,
2023-05-09,2023-Q2,58.775779086418304,
2023-05-10,2023-Q2,58.27936203332356,
2023-05-11,2023-Q2,60.562880477559396,
2023-05-12,2023-Q2,60.215388540393064,
2023-05-15,2023-Q2,58.62685397048987,
2023-05-16,2023-Q2,60.51323877224992,
2023-05-17,2023-Q2,60.165746835083596,
2023-05-18,2023-Q2,58.03115350677618,
2023-05-19,2023-Q2,56.93903598996772,
2023-05-22,2023-Q2,57.882228390847736,
2023-05-23,2023-Q2,56.69082746342034,
2023-05-24,2023-Q2,58.87506249703723,
2023-05-25,2023-Q2,61.80392311029625,
2023-05-26,2023-Q2,64.8817088394837,
2023-05-29,2023-Q2,65.32848418726897,
2023-05-30,2023-Q2,63.49174109081841,
2023-05-31,2023-Q2,62.59819039524786,
2023-06-01,2023-Q2,65.72561782974479,
2023-06-02,2023-Q2,69.00197038017012,
2023-06-05,2023-Q2,72.42724804652389,
2023-06-06,2023-Q2,69.29982061202698,
2023-06-07,2023-Q2,71.83154758281019,
2023-06-08,2023-Q2,69.4487457279554,
2023-06-09,2023-Q2,69.49838743326488,
2023-06-12,2023-Q2,69.0516120854796,
2023-06-13,2023-Q2,68.15806138990907,
2023-06-14,2023-Q2,69.59767084388383,
2023-06-15,2023-Q2,69.34946231733645,
2023-06-16,2023-Q2,69.74659595981227,
2023-06-19,2023-Q2,70.19337130759754,
2023-06-20,2023-Q2,73.12223192085655,
2023-06-21,2023-Q2,70.34229642352595,
2023-06-22,2023-Q2,71.6329807615723,
2023-06-23,2023-Q2,68.30698650583747,
2023-06-26,2023-Q2,66.76809364124375,
2023-06-27,2023-Q2,67.16522728371955,
2023-06-28,2023-Q2,66.56952682000585,
2023-06-29,2023-Q2,66.56952682000585,
2023-06-30,2023-Q2,70.1933713075975,
2023-07-03,2023-Q3,72.3279646359049,
2023-07-04,2023-Q3,79.52601190577876,
2023-07-05,2023-Q3,87.46868475529476,
2023-07-06,2023-Q3,91.83715482252856,
2023-07-07,2023-Q3,96.40419171100025,
2023-07-10,2023-Q3,101.21943712601932,
2023-07-11,2023-Q3,106.23324936227628,
2023-07-12,2023-Q3,111.5449118303901,
2023-07-13,2023-Q3,105.98504083572891,
2023-07-14,2023-Q3,111.24706159853325,
2023-07-17,2023-Q3,111.5449118303901,
2023-07-18,2023-Q3,111.5449118303901,
2023-07-19,2023-Q3,111.5449118303901,
2023-07-20,2023-Q3,111.5449118303901,
2023-07-21,2023-Q3,111.5449118303901,
2023-07-24,2023-Q3,109.31103509146372,
2023-07-25,2023-Q3,107.12680005784685,
2023-07-26,2023-Q3,104.99220672953942,
2023-07-27,2023-Q3,102.90725510654148,
2023-07-28,2023-Q3,100.871945188853,
2023-07-31,2023-Q3,98.88627697647401,
2023-08-01,2023-Q3,96.90060876409501,
2023-08-02,2023-Q3,94.96458225702548,
2023-08-03,2023-Q3,93.07819745526544,
2023-08-04,2023-Q3,91.24145435881486,
2023-08-07,2023-Q3,89.45435296767377,
2023-08-08,2023-Q3,87.66725157653268,
2023-08-09,2023-Q3,85.92979189070105,
2023-08-10,2023-Q3,87.61760987122321,
2023-08-11,2023-Q3,85.88015018539159,
2023-08-14,2023-Q3,84.19233220486943,
2023-08-15,2023-Q3,84.19233220486943,
2023-08-16,2023-Q3,82.50451422434726,
2023-08-17,2023-Q3,80.8663379491346,
2023-08-18,2023-Q3,82.40523081372834,
2023-08-21,2023-Q3,86.52549235441475,
2023-08-22,2023-Q3,90.84432071633907,
2023-08-23,2023-Q3,95.36171589950128,
2023-08-24,2023-Q3,100.12731960921087,
2023-08-25,2023-Q3,97.59559263842766,
2023-08-28,2023-Q3,92.73070551809913,
2023-08-29,2023-Q3,90.05005343138748,
2023-08-30,2023-Q3,90.5961121897917,
2023-08-31,2023-Q3,88.4118771561748,
2023-09-01,2023-Q3,88.36223545086533,
2023-09-04,2023-Q3,88.11402692431795,
2023-09-05,2023-Q3,87.56796816591373,
2023-09-06,2023-Q3,87.22047622874739,
2023-09-07,2023-Q3,91.53930459067173,
2023-09-08,2023-Q3,96.10634147914342,
2023-09-11,2023-Q3,94.71637373047813,
2023-09-12,2023-Q3,90.54647048448224,
2023-09-13,2023-Q3,92.0357216437665,
2023-09-14,2023-Q3,93.62425621366968,
2023-09-15,2023-Q3,90.79467901102961,
2023-09-18,2023-Q3,88.85865250396009,
2023-09-19,2023-Q3,88.85865250396009,
2023-09-20,2023-Q3,87.96510180838953,
2023-09-21,2023-Q3,85.63194165884423,
2023-09-22,2023-Q3,87.12119281812846,
2023-09-25,2023-Q3,87.36940134467585,
2023-09-26,2023-Q3,90.74503730572016,
2023-09-27,2023-Q3,94.61709031985919,
2023-09-28,2023-Q3,99.28341061894984,
2023-09-29,2023-Q3,101.51728735787621,
2023-10-02,2023-Q4,101.51728735787621,
2023-10-03,2023-Q4,99.48197744018775,
2023-10-04,2023-Q4,97.49630922780875,
2023-10-05,2023-Q4,95.56028272073922,
2023-10-06,2023-Q4,97.44666752249928,
2023-10-09,2023-Q4,95.51064101542977,
2023-10-10,2023-Q4,95.80849124728661,
2023-10-11,2023-Q4,95.80849124728661,
2023-10-12,2023-Q4,94.31924008800236,
2023-10-13,2023-Q4,93.32640598181285,
2023-10-16,2023-Q4,92.33357187562336,
2023-10-17,2023-Q4,92.82998892871811,
2023-10-18,2023-Q4,90.99324583226753,
2023-10-19,2023-Q4,92.78034722340864,
2023-10-20,2023-Q4,94.6170903198592,
2023-10-23,2023-Q4,92.82998892871811,
2023-10-24,2023-Q4,92.82998892871811,
2023-10-25,2023-Q4,90.99324583226753,
2023-10-26,2023-Q4,89.20614444112643,
2023-10-27,2023-Q4,87.41904304998533,
2023-10-30,2023-Q4,85.68158336415371,
2023-10-31,2023-Q4,87.36940134467585,
2023-11-01,2023-Q4,89.10686103050746,
2023-11-02,2023-Q4,90.84432071633908,
2023-11-03,2023-Q4,92.63142210748018,
2023-11-06,2023-Q4,94.46816520393075,
2023-11-07,2023-Q4,92.58178040217071,
2023-11-08,2023-Q4,91.34073776943383,
2023-11-09,2023-Q4,90.34790366324432,
2023-11-10,2023-Q4,88.56080227210323,
2023-11-12,2023-Q4,92.58178040217071,
2023-11-13,2023-Q4,92.43285528624227,
2023-11-14,2023-Q4,92.43285528624227,
2023-11-15,2023-Q4,94.41852349862128,
2023-11-16,2023-Q4,97.99272628090348,
2023-11-17,2023-Q4,102.85761340123202,
2023-11-20,2023-Q4,107.97070904810795,
2023-11-21,2023-Q4,113.33201322153124,
2023-11-22,2023-Q4,112.2398957047228,
2023-11-23,2023-Q4,114.12628050648284,
2023-11-24,2023-Q4,116.26087383479026,
2023-11-27,2023-Q4,116.26087383479026,
2023-11-28,2023-Q4,117.15442453036083,
2023-11-29,2023-Q4,119.43794297459668,
2023-11-30,2023-Q4,121.82074482945148,
2023-12-01,2023-Q4,124.25318838961576,
2023-12-04,2023-Q4,126.73527365508949,
2023-12-05,2023-Q4,129.26700062587267,
2023-12-06,2023-Q4,131.8483693019654,
2023-12-07,2023-Q4,134.47937968336754,
2023-12-08,2023-Q4,137.1600317700792,
2023-12-11,2023-Q4,139.89032556210034,
2023-12-12,2023-Q4,137.11039006476972,
2023-12-13,2023-Q4,139.84068385679086,
2023-12-14,2023-Q4,138.9967748665298,
2023-12-15,2023-Q4,136.21683936919916,
2023-12-18,2023-Q4,133.53618728248756,
2023-12-19,2023-Q4,131.0541020170138,
2023-12-20,2023-Q4,129.16771721525376,
2023-12-21,2023-Q4,131.74908589134645,
2023-12-22,2023-Q4,134.38009627274863,
2023-12-25,2023-Q4,134.38009627274863,
2023-12-26,2023-Q4,131.699444186037,
2023-12-27,2023-Q4,129.0684338046348,
2023-12-28,2023-Q4,126.48706512854211,
2023-12-29,2023-Q4,125.19638079049575,
2024-01-01,2024-Q1,131.4512356594896,
2024-01-02,2024-Q1,138.00394076034027,
2024-01-03,2024-Q1,144.90413779835725,
2024-01-04,2024-Q1,152.1021850682311,
2024-01-05,2024-Q1,159.6973659805808,
2024-01-08,2024-Q1,160.24342473898503,
2024-01-09,2024-Q1,168.23573929381047,
2024-01-10,2024-Q1,165.0090284486946,
2024-01-11,2024-Q1,165.80329573364622,
2024-01-12,2024-Q1,169.07964828407157,
2024-01-15,2024-Q1,168.7817980522147,
2024-01-16,2024-Q1,165.40616209117042,
2024-01-17,2024-Q1,162.12980954074507,
2024-01-18,2024-Q1,161.33554225579346,
2024-01-19,2024-Q1,158.1088314106776,
2024-01-20,2024-Q1,154.98140397618067,
2024-01-22,2024-Q1,154.98140397618067,
2024-01-23,2024-Q1,158.0591897053681,
2024-01-24,2024-Q1,158.85345699031973,
2024-01-25,2024-Q1,158.85345699031973,
2024-01-26,2024-Q1,158.85345699031973,
2024-01-29,2024-Q1,156.3217300195365,
2024-01-30,2024-Q1,156.3217300195365,
2024-01-31,2024-Q1,156.96707218855968,
2024-02-01,2024-Q1,157.41384753634497,
2024-02-02,2024-Q1,158.85345699031973,
2024-02-05,2024-Q1,155.67638785051335,
2024-02-06,2024-Q1,156.86778877794077,
2024-02-07,2024-Q1,155.67638785051338,
2024-02-08,2024-Q1,158.75417357970082,
2024-02-09,2024-Q1,157.413847536345,
2024-02-12,2024-Q1,156.7685053673218,
2024-02-13,2024-Q1,153.69071963813437,
2024-02-14,2024-Q1,150.91078414080377,
2024-02-15,2024-Q1,150.91078414080377,
2024-02-16,2024-Q1,152.89645235318275,
2024-02-19,2024-Q1,160.54127497084187,
2024-02-20,2024-Q1,157.314564125726,
2024-02-21,2024-Q1,152.89645235318275,
2024-02-22,2024-Q1,155.13032909210912,
2024-02-23,2024-Q1,151.90361824699323,
2024-02-26,2024-Q1,151.4072011938985,
2024-02-27,2024-Q1,152.7971689425638,
2024-02-28,2024-Q1,146.98908942135523,
2024-02-29,2024-Q1,148.47834058063947,
2024-03-01,2024-Q1,145.94661360985623,
2024-03-02,2024-Q1,151.05970925673213,
2024-03-04,2024-Q1,147.3365813585215,
2024-03-05,2024-Q1,140.2378174992666,
2024-03-06,2024-Q1,134.03260433558225,
2024-03-07,2024-Q1,136.514689601056,
2024-03-08,2024-Q1,136.514689601056,
2024-03-11,2024-Q1,129.8130593842769,
2024-03-12,2024-Q1,123.40927939935463,
2024-03-13,2024-Q1,117.25370794097974,
2024-03-14,2024-Q1,114.37448903303019,
2024-03-15,2024-Q1,120.0832851436198,
2024-03-18,2024-Q1,126.04028978075678,
2024-03-19,2024-Q1,132.29514464975063,
2024-03-20,2024-Q1,132.54335317629798,
2024-03-21,2024-Q1,136.61397301167494,
2024-03-22,2024-Q1,136.3161227798181,
2024-03-25,2024-Q1,136.3161227798181,
2024-03-26,2024-Q1,136.06791425327074,
2024-03-27,2024-Q1,129.26700062587267,
2024-03-28,2024-Q1,125.4445893170431,
2024-03-29,2024-Q1,125.4445893170431,
2024-04-01,2024-Q2,128.32380822499266,
2024-04-02,2024-Q2,131.89801100727485,
2024-04-03,2024-Q2,128.7705835727779,
2024-04-04,2024-Q2,128.47273334092108,
2024-04-05,2024-Q2,141.2802933107656,
2024-04-08,2024-Q2,147.63443159037837,
2024-04-09,2024-Q2,138.8478497506013,
2024-04-10,2024-Q2,136.26648107450862,
2024-04-11,2024-Q2,136.26648107450862,
2024-04-12,2024-Q2,129.91234279489584,
2024-04-15,2024-Q2,131.45123565948956,
2024-04-16,2024-Q2,132.543353176298,
2024-04-17,2024-Q2,132.543353176298,
2024-04-18,2024-Q2,128.7705835727779,
2024-04-19,2024-Q2,126.98348218163684,
2024-04-22,2024-Q2,129.4655674471106,
2024-04-23,2024-Q2,125.84172295951893,
2024-04-24,2024-Q2,127.52954094004106,
2024-04-25,2024-Q2,134.628304799296,
2024-04-26,2024-Q2,133.78439580903492,
2024-04-29,2024-Q2,135.27364696831916,
2024-04-30,2024-Q2,131.55051907010855,
2024-05-01,2024-Q2,131.55051907010855,
2024-05-02,2024-Q2,144.7055709771194,
2024-05-03,2024-Q2,152.3007518894691,
2024-05-06,2024-Q2,141.03208478421828,
2024-05-07,2024-Q2,136.0679142532708,
2024-05-08,2024-Q2,133.2879787559402,
2024-05-09,2024-Q2,132.642636586917,
2024-05-10,2024-Q2,124.79924714801999,
2024-05-13,2024-Q2,124.25318838961576,
2024-05-14,2024-Q2,123.45892110466416,
2024-05-15,2024-Q2,125.64315613828106,
2024-05-16,2024-Q2,124.50139691616316,
2024-05-17,2024-Q2,122.813578935641,
2024-05-18,2024-Q2,123.55820451528312,
2024-05-20,2024-Q2,123.55820451528312,
2024-05-21,2024-Q2,125.14673908518631,
2024-05-22,2024-Q2,125.24602249580528,
2024-05-23,2024-Q2,127.28133241349371,
2024-05-24,2024-Q2,127.18204900287476,
2024-05-27,2024-Q2,122.66465381971254,
2024-05-28,2024-Q2,119.48758467990613,
2024-05-29,2024-Q2,117.30334964628926,
2024-05-30,2024-Q2,115.86374019231448,
2024-05-31,2024-Q2,115.26803972860077,
2024-06-03,2024-Q2,113.62986345338813,
2024-06-04,2024-Q2,104.29722285520683,
2024-06-05,2024-Q2,103.05618022246996,
2024-06-06,2024-Q2,113.33201322153128,
2024-06-07,2024-Q2,120.62934390202412,
2024-06-10,2024-Q2,120.8874807696334,
2024-06-11,2024-Q2,119.71593652432978,
2024-06-12,2024-Q2,118.17704365973607,
2024-06-13,2024-Q2,119.14009274273988,
2024-06-14,2024-Q2,121.92995658113236,
2024-06-17,2024-Q2,121.92995658113236,
2024-06-18,2024-Q2,119.39822961034915,
2024-06-19,2024-Q2,118.81245748769734,
2024-06-20,2024-Q2,119.80529159388684,
2024-06-21,2024-Q2,119.22944781229694,
2024-06-24,2024-Q2,143.0673947019068,
2024-06-25,2024-Q2,148.8059758356821,
2024-06-26,2024-Q2,142.33269746332655,
2024-06-27,2024-Q2,132.04693612320332,
2024-06-28,2024-Q2,140.2378174992667,
2024-07-01,2024-Q3,147.24722628896458,
2024-07-02,2024-Q3,140.71437787023766,
2024-07-03,2024-Q3,141.6079285658082,
2024-07-04,2024-Q3,145.09277627853334,
2024-07-05,2024-Q3,145.96647029198013,
2024-07-08,2024-Q3,145.16227466596663,
2024-07-09,2024-Q3,142.85889953960697,
2024-07-10,2024-Q3,138.19257924051632,
2024-07-11,2024-Q3,136.56433130636557,
2024-07-12,2024-Q3,133.20855202744505,
2024-07-15,2024-Q3,139.14569998245827,
2024-07-16,2024-Q3,135.81970572672344,
2024-07-17,2024-Q3,135.81970572672344,
2024-07-18,2024-Q3,132.26535962656502,
2024-07-19,2024-Q3,126.05021812181877,
2024-07-22,2024-Q3,127.10262227437967,
2024-07-23,2024-Q3,125.35523424748614,
2024-07-24,2024-Q3,123.82626972395431,
2024-07-25,2024-Q3,123.63763124377832,
2024-07-26,2024-Q3,148.35920048789686,
2024-07-29,2024-Q3,137.22953015751256,
2024-07-30,2024-Q3,139.40383685006753,
2024-07-31,2024-Q3,137.20967347538874,
2024-08-01,2024-Q3,132.89084511346442,
2024-08-02,2024-Q3,132.77170502072164,
2024-08-05,2024-Q3,124.3921851644823,
2024-08-06,2024-Q3,118.59403398433561,
2024-08-07,2024-Q3,121.72146141883252,
2024-08-08,2024-Q3,126.23885660199477,
2024-08-09,2024-Q3,124.79924714801999,
2024-08-12,2024-Q3,122.7937222535172,
2024-08-13,2024-Q3,122.7937222535172,
2024-08-14,2024-Q3,118.32596877566445,
2024-08-15,2024-Q3,118.32596877566445,
2024-08-16,2024-Q3,119.34858790503962,
2024-08-19,2024-Q3,118.55432062008803,
2024-08-20,2024-Q3,126.08000314500443,
2024-08-21,2024-Q3,127.71817942021708,
2024-08-22,2024-Q3,129.60456422197714,
2024-08-23,2024-Q3,125.54387272766212,
2024-08-26,2024-Q3,122.48594368059847,
2024-08-27,2024-Q3,122.21787847192729,
2024-08-28,2024-Q3,118.94152592150196,
2024-08-29,2024-Q3,119.13016440167797,
2024-08-30,2024-Q3,121.8604581936991,
2024-09-02,2024-Q3,117.45227476221773,
2024-09-03,2024-Q3,117.09485448398951,
2024-09-04,2024-Q3,117.5118448085891,
2024-09-05,2024-Q3,113.63979179445005,
2024-09-06,2024-Q3,110.37336758508658,
2024-09-09,2024-Q3,107.92106734279854,
2024-09-10,2024-Q3,119.59679643158702,
2024-09-11,2024-Q3,117.73026831195078,
2024-09-12,2024-Q3,115.14889963585809,
2024-09-13,2024-Q3,119.34858790503968,
2024-09-16,2024-Q3,115.6850300532004,
2024-09-17,2024-Q3,111.12792150579061,
2024-09-18,2024-Q3,108.40755605483139,
2024-09-19,2024-Q3,102.96682515291293,
2024-09-20,2024-Q3,98.231006466389,
2024-09-23,2024-Q3,98.03243964515111,
2024-09-24,2024-Q3,101.70592583805227,
2024-09-25,2024-Q3,99.22384057257852,
2024-09-26,2024-Q3,94.5078785681784,
2024-09-27,2024-Q3,94.81565714109715,
2024-09-30,2024-Q3,93.08812579632742,
2024-10-01,2024-Q4,97.51616590993258,
2024-10-02,2024-Q4,97.51616590993258,
2024-10-03,2024-Q4,95.14329239613967,
2024-10-04,2024-Q4,94.33909677012618,
2024-10-07,2024-Q4,89.84155826908774,
2024-10-08,2024-Q4,91.76765643509539,
2024-10-09,2024-Q4,92.80020390553247,
2024-10-10,2024-Q4,92.64135044854216,
2024-10-11,2024-Q4,89.47420964979764,
2024-10-14,2024-Q4,89.48413799085954,
2024-10-15,2024-Q4,86.19785709937229,
2024-10-16,2024-Q4,86.5751340597243,
2024-10-17,2024-Q4,84.28168727442656,
2024-10-18,2024-Q4,82.24637735673808,
2024-10-21,2024-Q4,79.50615522365506,
2024-10-22,2024-Q4,75.80288400756822,
2024-10-23,2024-Q4,73.00309182811384,
2024-10-24,2024-Q4,69.34946231733647,
2024-10-25,2024-Q4,65.87454294567323,
2024-10-28,2024-Q4,62.846398921795256,
2024-10-29,2024-Q4,65.98375469735407,
2024-10-30,2024-Q4,69.27996392990322,
2024-10-31,2024-Q4,72.73502661944268,
2024-11-01,2024-Q4,76.36879944809624,
2024-11-04,2024-Q4,80.18128241586392,
2024-11-05,2024-Q4,81.76981698576712,
2024-11-06,2024-Q4,83.19949809868,
2024-11-07,2024-Q4,81.53153680028163,
2024-11-08,2024-Q4,79.89336052506896,
2024-11-11,2024-Q4,78.29489761410386,
2024-11-12,2024-Q4,76.72621972632444,
2024-11-13,2024-Q4,75.18732686173072,
2024-11-14,2024-Q4,73.67821902032269,
2024-11-15,2024-Q4,73.67821902032269,
2024-11-18,2024-Q4,72.19889620210033,
2024-11-19,2024-Q4,71.98047269873865,
2024-11-20,2024-Q4,71.98047269873865,
2024-11-21,2024-Q4,70.54086324476387,
2024-11-22,2024-Q4,70.39193812883546,
2024-11-25,2024-Q4,71.79183421856266,
2024-11-26,2024-Q4,72.97330680492816,
2024-11-27,2024-Q4,71.98047269873865,
2024-11-28,2024-Q4,71.4840556456439,
2024-11-29,2024-Q4,70.05437453273103,
2024-12-02,2024-Q4,68.64455010194195,
2024-12-03,2024-Q4,70.01466116848346,
2024-12-04,2024-Q4,71.41455725821066,
2024-12-05,2024-Q4,72.83431003006163,
2024-12-06,2024-Q4,74.28384782509829,
2024-12-09,2024-Q4,77.99704738224703,
2024-12-10,2024-Q4,81.11454647568206,
2024-12-11,2024-Q4,78.87074139569378,
2024-12-12,2024-Q4,80.34013587285425,
2024-12-13,2024-Q4,83.4179216020417,
2024-12-16,2024-Q4,84.41075570823119,
2024-12-17,2024-Q4,83.34842321460845,
2024-12-18,2024-Q4,84.24197391017898,
2024-12-19,2024-Q4,82.47472920116167,
2024-12-20,2024-Q4,80.01250061781172,
2024-12-23,2024-Q4,78.4537510710942,
2024-12-24,2024-Q4,81.11454647568206,
2024-12-25,2024-Q4,81.11454647568206,
2024-12-26,2024-Q4,81.51168011815786,
2024-12-27,2024-Q4,83.31863819142276,
2024-12-30,2024-Q4,79.30758840241718,
2024-12-31,2024-Q4,78.17575752136115,
